county,administered_date,total_doses,cumulative_total_doses,pfizer_doses,cumulative_pfizer_doses,moderna_doses,cumulative_moderna_doses,jj_doses,cumulative_jj_doses,partially_vaccinated,total_partially_vaccinated,fully_vaccinated,cumulative_fully_vaccinated,at_least_one_dose,cumulative_at_least_one_dose,california_flag
All CA Counties,2020-12-15,1132,1132,1132,1132,0,0,0,0,1132,1132,0,0,1132,1132,
All CA Counties,2020-12-16,8116,9248,8116,9248,0,0,0,0,8116,9248,0,0,8116,9248,
All CA Counties,2020-12-17,25710,34958,25710,34958,0,0,0,0,25712,34960,0,0,25712,34960,
All CA Counties,2020-12-18,43738,78696,43684,78642,54,54,0,0,43739,78699,0,0,43739,78699,
All CA Counties,2020-12-19,25195,103891,25172,103814,23,77,0,0,25194,103892,1,1,25194,103893,
All CA Counties,2020-12-20,18935,122826,18905,122719,30,107,0,0,18934,122825,1,2,18934,122827,
All CA Counties,2020-12-21,49519,172345,49439,172158,80,187,0,0,49522,172346,1,3,49522,172349,
All CA Counties,2020-12-22,49845,222190,47732,219890,2113,2300,0,0,49843,222188,1,4,49843,222192,
All CA Counties,2020-12-23,50230,272420,41526,261416,8704,11004,0,0,50226,272414,0,4,50226,272418,
All CA Counties,2020-12-24,24009,296429,16316,277732,7693,18697,0,0,24006,296419,1,5,24006,296424,
All CA Counties,2020-12-25,2330,298759,2011,279743,319,19016,0,0,2330,298749,0,5,2330,298754,
All CA Counties,2020-12-26,14604,313363,9432,289175,5172,24188,0,0,14603,313351,1,6,14603,313357,
All CA Counties,2020-12-27,9388,322751,5565,294740,3823,28011,0,0,9387,322737,1,7,9387,322744,
All CA Counties,2020-12-28,45636,368387,29257,323997,16379,44390,0,0,45634,368368,3,10,45634,368378,
All CA Counties,2020-12-29,51006,419393,28506,352503,22500,66890,0,0,51002,419367,3,13,51002,419380,
All CA Counties,2020-12-30,62875,482268,35630,388133,27245,94135,0,0,62869,482233,3,16,62869,482249,
All CA Counties,2020-12-31,29274,511542,10833,398966,18441,112576,0,0,29266,511494,5,21,29266,511515,
All CA Counties,2021-01-01,3936,515478,1738,400704,2198,114774,0,0,3931,515422,3,24,3931,515446,
All CA Counties,2021-01-02,18427,533905,10220,410924,8207,122981,0,0,18426,533848,0,24,18426,533872,
All CA Counties,2021-01-03,6129,540034,3474,414398,2655,125636,0,0,6100,539936,12,36,6100,539972,
All CA Counties,2021-01-04,43352,583386,21934,436332,21418,147054,0,0,43272,583164,44,80,43272,583244,
All CA Counties,2021-01-05,56204,639590,29588,465920,26616,173670,0,0,50770,628642,5378,5458,50856,634100,
All CA Counties,2021-01-06,72968,712558,40354,506274,32614,206284,0,0,57686,671250,15106,20564,57714,691814,
All CA Counties,2021-01-07,91662,804220,52145,558419,39517,245801,0,0,61232,702255,30271,50835,61276,753090,
All CA Counties,2021-01-08,106159,910379,63941,622360,42218,288019,0,0,65126,726536,40901,91736,65182,818272,
All CA Counties,2021-01-09,43593,953972,25050,647410,18543,306562,0,0,27500,737985,16073,107809,27522,845794,
All CA Counties,2021-01-10,24214,978186,14815,662225,9399,315961,0,0,12999,739802,11199,119008,13016,858810,
All CA Counties,2021-01-11,104132,1082318,69277,731502,34855,350816,0,0,60445,756763,43647,162655,60608,919418,
All CA Counties,2021-01-12,112469,1194787,66403,797905,46066,396882,0,0,71542,787678,40848,203503,71763,991181,
All CA Counties,2021-01-13,118512,1313299,61392,859297,57120,454002,0,0,84907,839137,33519,237022,84978,1076159,
All CA Counties,2021-01-14,123064,1436363,49298,908595,73766,527768,0,0,103567,923449,19395,256417,103707,1179866,
All CA Counties,2021-01-15,141565,1577928,52018,960613,89547,617315,0,0,126587,1035330,14886,271303,126767,1306633,
All CA Counties,2021-01-16,80323,1658251,27372,987985,52951,670266,0,0,72804,1100688,7494,278797,72852,1379485,
All CA Counties,2021-01-17,48020,1706271,16770,1004755,31250,701516,0,0,44391,1141502,3622,282419,44436,1423921,
All CA Counties,2021-01-18,87584,1793855,45557,1050312,42027,743543,0,0,68458,1191063,19046,301465,68607,1492528,
All CA Counties,2021-01-19,141436,1935291,73331,1123643,68105,811648,0,0,110394,1270818,30950,332415,110705,1603233,
All CA Counties,2021-01-20,158053,2093344,80195,1203838,77858,889506,0,0,124934,1363055,32939,365354,125176,1728409,
All CA Counties,2021-01-21,172007,2265351,76119,1279957,95888,985394,0,0,153187,1497940,18619,383973,153504,1881913,
All CA Counties,2021-01-22,168650,2434001,68812,1348769,99838,1085232,0,0,154463,1638503,14058,398031,154621,2036534,
All CA Counties,2021-01-23,110950,2544951,49390,1398159,61560,1146792,0,0,98425,1724574,12466,410497,98537,2135071,
All CA Counties,2021-01-24,60869,2605820,29471,1427630,31398,1178190,0,0,56239,1776265,4600,415097,56291,2191362,
All CA Counties,2021-01-25,143685,2749505,64818,1492448,78867,1257057,0,0,109040,1851082,34562,449659,109379,2300741,
All CA Counties,2021-01-26,167585,2917090,82334,1574782,85251,1342308,0,0,130511,1944896,36950,486609,130764,2431505,
All CA Counties,2021-01-27,179190,3096280,87786,1662568,91404,1433712,0,0,140289,2046843,38536,525145,140483,2571988,
All CA Counties,2021-01-28,186685,3282965,85940,1748508,100745,1534457,0,0,152918,2166459,33486,558631,153102,2725090,
All CA Counties,2021-01-29,182513,3465478,87870,1836378,94643,1629100,0,0,148167,2280994,33782,592413,148317,2873407,
All CA Counties,2021-01-30,122698,3588176,55144,1891522,67554,1696654,0,0,107734,2374062,14802,607215,107870,2981277,
All CA Counties,2021-01-31,69149,3657325,38872,1930394,30277,1726931,0,0,64108,2433227,4994,612209,64159,3045436,
All CA Counties,2021-02-01,158008,3815333,72777,2003171,85231,1812162,0,0,119954,2515394,37912,650121,120079,3165515,
All CA Counties,2021-02-02,185490,4000823,79394,2082565,106096,1918258,0,0,139843,2610152,45301,695422,140059,3305574,
All CA Counties,2021-02-03,209725,4210548,94782,2177347,114943,2033201,0,0,156120,2713362,53135,748557,156345,3461919,
All CA Counties,2021-02-04,227226,4437774,99693,2277040,127533,2160734,0,0,166919,2820855,59770,808327,167263,3629182,
All CA Counties,2021-02-05,245142,4682916,106208,2383248,138934,2299668,0,0,166903,2910816,77489,885816,167450,3796632,
All CA Counties,2021-02-06,154378,4837294,74648,2457896,79730,2379398,0,0,119835,2996759,34378,920194,120321,3916953,
All CA Counties,2021-02-07,66586,4903880,43042,2500938,23544,2402942,0,0,50220,3031141,16281,936475,50663,3967616,
All CA Counties,2021-02-08,179781,5083661,88218,2589156,91563,2494505,0,0,118773,3090073,60561,997036,119493,4087109,
All CA Counties,2021-02-09,210167,5293828,101543,2690699,108624,2603129,0,0,126298,3134057,83439,1080475,127423,4214532,
All CA Counties,2021-02-10,247625,5541453,119571,2810270,128054,2731183,0,0,138186,3165055,108632,1189107,139630,4354162,
All CA Counties,2021-02-11,263236,5804689,130427,2940697,132809,2863992,0,0,144938,3194475,117275,1306382,146695,4500857,
All CA Counties,2021-02-12,270961,6075650,118784,3059481,152177,3016169,0,0,146655,3219947,123523,1429905,148995,4649852,
All CA Counties,2021-02-13,166158,6241808,76997,3136478,89161,3105330,0,0,91851,3239844,73893,1503798,93790,4743642,
All CA Counties,2021-02-14,95127,6336935,47418,3183896,47709,3153039,0,0,51551,3249641,43426,1547224,53223,4796865,
All CA Counties,2021-02-15,141418,6478353,62161,3246057,79257,3232296,0,0,78366,3268490,62704,1609928,81553,4878418,
All CA Counties,2021-02-16,247503,6725856,117485,3363542,130018,3362314,0,0,132831,3290426,114327,1724255,136263,5014681,
All CA Counties,2021-02-17,256793,6982649,128060,3491602,128733,3491047,0,0,128290,3294352,128015,1852270,131941,5146622,
All CA Counties,2021-02-18,270861,7253510,141552,3633154,129309,3620356,0,0,131853,3292524,138371,1990641,136543,5283165,
All CA Counties,2021-02-19,251228,7504738,145766,3778920,105462,3725818,0,0,129941,3303790,120848,2111489,132114,5415279,
All CA Counties,2021-02-20,151308,7656046,96825,3875745,54483,3780301,0,0,83295,3321595,67779,2179268,85584,5500863,
All CA Counties,2021-02-21,71967,7728013,58063,3933808,13904,3794205,0,0,35512,3323160,36240,2215508,37805,5538668,
All CA Counties,2021-02-22,162552,7890565,109053,4042861,53499,3847704,0,0,81593,3326593,80654,2296162,84087,5622755,
All CA Counties,2021-02-23,221571,8112136,116452,4159313,105119,3952823,0,0,102901,3318310,118150,2414312,109867,5732622,
All CA Counties,2021-02-24,280372,8392508,141350,4300663,139022,4091845,0,0,133640,3314415,146151,2560463,142256,5874878,
All CA Counties,2021-02-25,315367,8707875,154109,4454772,161258,4253103,0,0,164871,3338892,149854,2710317,174331,6049209,
All CA Counties,2021-02-26,349370,9057245,162705,4617477,186665,4439768,0,0,195578,3388832,152955,2863272,202895,6252104,
All CA Counties,2021-02-27,245514,9302759,117340,4734817,128155,4567923,19,19,139035,3426531,105929,2969201,143628,6395732,
All CA Counties,2021-02-28,129381,9432140,77219,4812036,52159,4620082,3,22,75798,3452929,53206,3022407,79604,6475336,
All CA Counties,2021-03-01,235847,9667987,124967,4937003,110836,4730918,44,66,136407,3495423,98823,3121230,141317,6616653,
All CA Counties,2021-03-02,274817,9942804,133695,5070698,141107,4872025,15,81,163713,3556332,110665,3231895,171574,6788227,
All CA Counties,2021-03-03,326514,10269318,161215,5231913,165265,5037290,34,115,187571,3613802,138329,3370224,195799,6984026,
All CA Counties,2021-03-04,344998,10614316,173326,5405239,171590,5208880,82,197,202149,3681455,142168,3512392,209821,7193847,
All CA Counties,2021-03-05,330860,10945176,160841,5566080,168916,5377796,1103,1300,204933,3769899,125198,3637590,213642,7407489,
All CA Counties,2021-03-06,254925,11200101,129961,5696041,117186,5494982,7778,9078,157980,3844329,96570,3734160,171000,7578489,
All CA Counties,2021-03-07,123958,11324059,75370,5771411,44559,5539541,4029,13107,77094,3883317,46703,3780863,85691,7664180,
All CA Counties,2021-03-08,214617,11538676,103169,5874580,101099,5640640,10349,23456,139911,3964205,74374,3855237,155262,7819442,
All CA Counties,2021-03-09,265396,11804072,114881,5989461,134762,5775402,15753,39209,143249,4007204,121724,3976961,164723,7984165,
All CA Counties,2021-03-10,312325,12116397,153406,6142867,135201,5910603,23718,62927,167986,4060655,143766,4120727,197217,8181382,
All CA Counties,2021-03-11,371035,12487432,178983,6321850,159359,6069962,32693,95620,190853,4110291,179342,4300069,228978,8410360,
All CA Counties,2021-03-12,387289,12874721,172180,6494030,169282,6239244,45827,141447,189020,4151641,197548,4497617,238898,8649258,
All CA Counties,2021-03-13,278007,13152728,121681,6615711,125591,6364835,30735,172182,150120,4209301,127486,4625103,185146,8834404,
All CA Counties,2021-03-14,152284,13305012,81272,6696983,56238,6421073,14774,186956,82238,4238896,69799,4694902,99394,8933798,
All CA Counties,2021-03-15,287054,13592066,136596,6833579,130140,6551213,20318,207274,156867,4289977,129526,4824428,180607,9114405,
All CA Counties,2021-03-16,366185,13958251,171303,7004882,177807,6729020,17075,224349,214280,4373984,151236,4975664,235243,9349648,
All CA Counties,2021-03-17,377887,14336138,186673,7191555,173038,6902058,18176,242525,234638,4487240,142541,5118205,255797,9605445,
All CA Counties,2021-03-18,393311,14729449,199608,7391163,176013,7078071,17690,260215,236076,4587894,156257,5274462,256911,9862356,
All CA Counties,2021-03-19,402590,15132039,210472,7601635,170816,7248887,21302,281517,236204,4682393,165518,5439980,260017,10122373,
All CA Counties,2021-03-20,289512,15421551,151761,7753396,122095,7370982,15656,297173,186109,4783266,102821,5542801,203694,10326067,
All CA Counties,2021-03-21,141079,15562630,97057,7850453,36642,7407624,7380,304553,89135,4830862,51663,5594464,99259,10425326,
All CA Counties,2021-03-22,268068,15830698,156312,8006765,100910,7508534,10846,315399,177379,4932563,90073,5684537,191774,10617100,
All CA Counties,2021-03-23,351307,16182005,192727,8199492,147928,7656462,10652,326051,226415,5048359,124093,5808630,239889,10856989,
All CA Counties,2021-03-24,380898,16562903,218300,8417792,150577,7807039,12021,338072,224620,5133081,155189,5963819,239911,11096900,
All CA Counties,2021-03-25,408589,16971492,224367,8642159,169951,7976990,14271,352343,235642,5213399,171795,6135614,252113,11349013,
All CA Counties,2021-03-26,425907,17397399,227183,8869342,183001,8159991,15723,368066,235798,5278891,189030,6324644,254522,11603535,
All CA Counties,2021-03-27,306083,17703482,162618,9031960,132181,8292172,11284,379350,157454,5301979,147914,6472558,171002,11774537,
All CA Counties,2021-03-28,165835,17869317,105845,9137805,56424,8348596,3566,382916,90887,5323757,74590,6547148,96368,11870905,
All CA Counties,2021-03-29,305522,18174839,164786,9302591,132217,8480813,8519,391435,174365,5378619,130516,6677664,185378,12056283,
All CA Counties,2021-03-30,391442,18566281,197601,9500192,176554,8657367,17287,408722,238953,5484874,151827,6829491,258082,12314365,
All CA Counties,2021-03-31,418214,18984495,227321,9727513,169885,8827252,21008,429730,240541,5570685,176845,7006336,262656,12577021,
All CA Counties,2021-04-01,479328,19463823,245408,9972921,195421,9022673,38499,468229,266344,5664778,212031,7218367,306124,12883145,
All CA Counties,2021-04-02,462760,19926583,226027,10198948,195278,9217951,41455,509684,253414,5753062,208288,7426655,296572,13179717,
All CA Counties,2021-04-03,322214,20248797,163912,10362860,118213,9336164,40089,549773,161877,5796699,159786,7586441,203423,13383140,
All CA Counties,2021-04-04,130964,20379761,68303,10431163,43923,9380087,18738,568511,58464,5801877,72274,7658715,77452,13460592,
All CA Counties,2021-04-05,347436,20727197,179196,10610359,129528,9509615,38712,607223,173244,5842930,173651,7832366,214704,13675296,
All CA Counties,2021-04-06,450987,21178184,228999,10839358,157602,9667217,64386,671609,220625,5900943,229578,8061944,287591,13962887,
All CA Counties,2021-04-07,464806,21642990,241891,11081249,154182,9821399,68733,740342,228412,5964811,235584,8297528,299452,14262339,
All CA Counties,2021-04-08,491011,22134001,248627,11329876,159930,9981329,82454,822796,232985,6025634,257042,8554570,317865,14580204,
All CA Counties,2021-04-09,481226,22615227,239817,11569693,163368,10144697,78041,900837,223461,6073844,256862,8811432,305072,14885276,
All CA Counties,2021-04-10,358665,22973892,164894,11734587,121270,10265967,72501,973338,151322,6093927,206729,9018161,226812,15112088,
All CA Counties,2021-04-11,183876,23157768,102640,11837227,47566,10313533,33670,1007008,76081,6099746,107491,9125652,113310,15225398,
All CA Counties,2021-04-12,334543,23492311,172306,12009533,125063,10438596,37174,1044182,156037,6118844,177685,9303337,196783,15422181,
All CA Counties,2021-04-13,425039,23917350,236889,12246422,187241,10625837,909,1045091,237474,6174397,186708,9490045,242261,15664442,
All CA Counties,2021-04-14,441148,24358498,247743,12494165,193138,10818975,267,1045358,231818,6204297,208319,9698364,238219,15902661,
All CA Counties,2021-04-15,478055,24836553,278667,12772832,199166,11018141,222,1045580,268848,6270130,207946,9906310,273779,16176440,
All CA Counties,2021-04-16,463974,25300527,261897,13034729,201780,11219921,297,1045877,248858,6308194,214056,10120366,252120,16428560,
All CA Counties,2021-04-17,329893,25630420,186463,13221192,143391,11363312,39,1045916,187000,6356888,142252,10262618,190946,16619506,
All CA Counties,2021-04-18,151230,25781650,95753,13316945,55462,11418774,15,1045931,79006,6367669,71883,10334501,82664,16702170,
All CA Counties,2021-04-19,313247,26094897,181256,13498201,131898,11550672,93,1046024,148914,6356186,163583,10498084,152100,16854270,
All CA Counties,2021-04-20,401026,26495923,213477,13711678,187504,11738176,45,1046069,200625,6362976,199519,10697603,206309,17060579,
All CA Counties,2021-04-21,413133,26909056,234579,13946257,178306,11916482,248,1046317,199781,6356843,212178,10909781,206045,17266624,
All CA Counties,2021-04-22,432296,27341352,247175,14193432,185051,12101533,70,1046387,195425,6323908,235687,11145468,202752,17469376,
All CA Counties,2021-04-23,426117,27767469,243361,14436793,182677,12284210,79,1046466,193250,6296247,231697,11377165,204036,17673412,
All CA Counties,2021-04-24,316612,28084081,200713,14637506,115743,12399953,156,1046622,161650,6311335,154157,11531322,169245,17842657,
All CA Counties,2021-04-25,147152,28231233,96889,14734395,50201,12450154,62,1046684,78767,6324548,68017,11599339,81230,17923887,
All CA Counties,2021-04-26,263650,28494883,153421,14887816,108877,12559031,1352,1048036,113951,6299497,148929,11748268,123878,18047765,
All CA Counties,2021-04-27,332227,28827110,183484,15071300,143499,12702530,5244,1053280,133301,6248979,197980,11946248,147462,18195227,
All CA Counties,2021-04-28,316717,29143827,178175,15249475,131185,12833715,7357,1060637,127876,6204027,188008,12134256,143056,18338283,
All CA Counties,2021-04-29,269872,29413699,149859,15399334,113503,12947218,6510,1067147,95218,6140490,173917,12308173,110380,18448663,
All CA Counties,2021-04-30,225165,29638864,130663,15529997,90933,13038151,3569,1070716,80758,6087218,143802,12451975,90530,18539193,
All CA and Non-CA Counties,2020-12-15,1139,1139,1139,1139,0,0,0,0,1139,1139,0,0,1139,1139,
All CA and Non-CA Counties,2020-12-16,8381,9520,8381,9520,0,0,0,0,8381,9520,0,0,8381,9520,
All CA and Non-CA Counties,2020-12-17,27311,36831,27311,36831,0,0,0,0,27311,36831,0,0,27311,36831,
All CA and Non-CA Counties,2020-12-18,46305,83136,46244,83075,61,61,0,0,46305,83136,0,0,46305,83136,
All CA and Non-CA Counties,2020-12-19,26315,109451,26291,109366,24,85,0,0,26314,109449,1,1,26314,109450,
All CA and Non-CA Counties,2020-12-20,19633,129084,19601,128967,32,117,0,0,19632,129080,1,2,19632,129082,
All CA and Non-CA Counties,2020-12-21,51716,180800,51633,180600,83,200,0,0,51714,180793,1,3,51714,180796,
All CA and Non-CA Counties,2020-12-22,51913,232713,49727,230327,2186,2386,0,0,51911,232703,1,4,51911,232707,
All CA and Non-CA Counties,2020-12-23,51750,284463,42913,273240,8837,11223,0,0,51746,284449,0,4,51746,284453,
All CA and Non-CA Counties,2020-12-24,24813,309276,16928,290168,7885,19108,0,0,24810,309258,1,5,24810,309263,
All CA and Non-CA Counties,2020-12-25,2363,311639,2040,292208,323,19431,0,0,2363,311621,0,5,2363,311626,
All CA and Non-CA Counties,2020-12-26,14913,326552,9637,301845,5276,24707,0,0,14912,326532,1,6,14912,326538,
All CA and Non-CA Counties,2020-12-27,9576,336128,5638,307483,3938,28645,0,0,9575,336106,1,7,9575,336113,
All CA and Non-CA Counties,2020-12-28,47057,383185,30161,337644,16896,45541,0,0,47054,383157,3,10,47054,383167,
All CA and Non-CA Counties,2020-12-29,52560,435745,29526,367170,23034,68575,0,0,52556,435710,3,13,52556,435723,
All CA and Non-CA Counties,2020-12-30,64860,500605,36921,404091,27939,96514,0,0,64852,500559,3,16,64852,500575,
All CA and Non-CA Counties,2020-12-31,30397,531002,11433,415524,18964,115478,0,0,30387,530940,6,22,30387,530962,
All CA and Non-CA Counties,2021-01-01,4047,535049,1761,417285,2286,117764,0,0,4042,534979,3,25,4042,535004,
All CA and Non-CA Counties,2021-01-02,18668,553717,10353,427638,8315,126079,0,0,18666,553644,1,26,18666,553670,
All CA and Non-CA Counties,2021-01-03,6299,560016,3564,431202,2735,128814,0,0,6270,559902,12,38,6270,559940,
All CA and Non-CA Counties,2021-01-04,44499,604515,22446,453648,22053,150867,0,0,44414,604272,44,82,44414,604354,
All CA and Non-CA Counties,2021-01-05,57744,662259,30399,484047,27345,178212,0,0,52120,650911,5567,5649,52206,656560,
All CA and Non-CA Counties,2021-01-06,75702,737961,41978,526025,33724,211936,0,0,59664,694745,15858,21507,59692,716252,
All CA and Non-CA Counties,2021-01-07,95913,833874,54787,580812,41126,253062,0,0,63790,726619,31962,53469,63836,780088,
All CA and Non-CA Counties,2021-01-08,110705,944579,66886,647698,43819,296881,0,0,67773,751661,42790,96259,67832,847920,
All CA and Non-CA Counties,2021-01-09,44912,989491,25578,673276,19334,316215,0,0,28495,763783,16397,112656,28519,876439,
All CA and Non-CA Counties,2021-01-10,24515,1014006,14995,688271,9520,325735,0,0,13180,765661,11319,123975,13197,889636,
All CA and Non-CA Counties,2021-01-11,107463,1121469,71311,759582,36152,361887,0,0,62438,783278,44984,168959,62601,952237,
All CA and Non-CA Counties,2021-01-12,116354,1237823,68723,828305,47631,409518,0,0,73882,814995,42388,211347,74105,1026342,
All CA and Non-CA Counties,2021-01-13,122213,1360036,63204,891509,59009,468527,0,0,87434,867807,34695,246042,87507,1113849,
All CA and Non-CA Counties,2021-01-14,126820,1486856,50576,942085,76244,544771,0,0,106681,954605,20024,266066,106822,1220671,
All CA and Non-CA Counties,2021-01-15,145846,1632702,53013,995098,92833,637604,0,0,130398,1069840,15343,281409,130578,1351249,
All CA and Non-CA Counties,2021-01-16,83028,1715730,27761,1022859,55267,692871,0,0,75339,1137565,7662,289071,75387,1426636,
All CA and Non-CA Counties,2021-01-17,48517,1764247,16921,1039780,31596,724467,0,0,44839,1178778,3671,292742,44884,1471520,
All CA and Non-CA Counties,2021-01-18,88833,1853080,46378,1086158,42455,766922,0,0,69249,1228674,19503,312245,69399,1540919,
All CA and Non-CA Counties,2021-01-19,145499,1998579,74671,1160829,70828,837750,0,0,113560,1310702,31846,344091,113874,1654793,
All CA and Non-CA Counties,2021-01-20,162529,2161108,81681,1242510,80848,918598,0,0,128426,1405450,33921,378012,128669,1783462,
All CA and Non-CA Counties,2021-01-21,176195,2337303,77290,1319800,98905,1017503,0,0,156812,1543410,19169,397181,157129,1940591,
All CA and Non-CA Counties,2021-01-22,173317,2510620,69925,1389725,103392,1120895,0,0,158735,1687855,14449,411630,158894,2099485,
All CA and Non-CA Counties,2021-01-23,113218,2623838,49727,1439452,63491,1184386,0,0,100530,1775868,12629,424259,100642,2200127,
All CA and Non-CA Counties,2021-01-24,61473,2685311,29716,1469168,31757,1216143,0,0,56766,1828008,4678,428937,56818,2256945,
All CA and Non-CA Counties,2021-01-25,148167,2833478,66791,1535959,81376,1297519,0,0,112654,1905574,35428,464365,112994,2369939,
All CA and Non-CA Counties,2021-01-26,173630,3007108,85320,1621279,88310,1385829,0,0,135715,2003756,37793,502158,135975,2505914,
All CA and Non-CA Counties,2021-01-27,184026,3191134,90473,1711752,93553,1479382,0,0,144510,2109314,39147,541305,144705,2650619,
All CA and Non-CA Counties,2021-01-28,192130,3383264,88970,1800722,103160,1582542,0,0,157780,2233217,34061,575366,157964,2808583,
All CA and Non-CA Counties,2021-01-29,187467,3570731,90990,1891712,96477,1679019,0,0,152343,2351151,34561,609927,152495,2961078,
All CA and Non-CA Counties,2021-01-30,127046,3697777,57446,1949158,69600,1748619,0,0,111861,2448124,15024,624951,111997,3073075,
All CA and Non-CA Counties,2021-01-31,72336,3770113,41641,1990799,30695,1779314,0,0,67243,2510372,5047,629998,67295,3140370,
All CA and Non-CA Counties,2021-02-01,163523,3933636,75376,2066175,88147,1867461,0,0,124765,2596651,38611,668609,124890,3265260,
All CA and Non-CA Counties,2021-02-02,192316,4125952,81626,2147801,110690,1978151,0,0,145945,2696795,46017,714626,146161,3411421,
All CA and Non-CA Counties,2021-02-03,217095,4343047,96908,2244709,120187,2098338,0,0,162614,2805633,54002,768628,162840,3574261,
All CA and Non-CA Counties,2021-02-04,234079,4577126,101921,2346630,132158,2230496,0,0,172782,2918009,60751,829379,173127,3747388,
All CA and Non-CA Counties,2021-02-05,251976,4829102,108439,2455069,143537,2374033,0,0,172673,3012677,78552,907931,173220,3920608,
All CA and Non-CA Counties,2021-02-06,158840,4987942,76830,2531899,82010,2456043,0,0,123835,3102167,34834,942765,124324,4044932,
All CA and Non-CA Counties,2021-02-07,68758,5056700,44832,2576731,23926,2479969,0,0,52313,3138565,16360,959125,52758,4097690,
All CA and Non-CA Counties,2021-02-08,185066,5241766,91537,2668268,93529,2573498,0,0,122966,3200608,61643,1020768,123686,4221376,
All CA and Non-CA Counties,2021-02-09,214455,5456221,103455,2771723,111000,2684498,0,0,129267,3246265,84749,1105517,130406,4351782,
All CA and Non-CA Counties,2021-02-10,253194,5709415,121465,2893188,131729,2816227,0,0,141289,3277950,111090,1216607,142775,4494557,
All CA and Non-CA Counties,2021-02-11,268055,5977470,132661,3025849,135394,2951621,0,0,148404,3309507,118621,1335228,150178,4644735,
All CA and Non-CA Counties,2021-02-12,276218,6253688,120740,3146589,155478,3107099,0,0,150063,3336547,125368,1460596,152408,4797143,
All CA and Non-CA Counties,2021-02-13,168568,6422256,77692,3224281,90876,3197975,0,0,93721,3357783,74436,1535032,95672,4892815,
All CA and Non-CA Counties,2021-02-14,96457,6518713,47818,3272099,48639,3246614,0,0,52641,3368436,43662,1578694,54315,4947130,
All CA and Non-CA Counties,2021-02-15,143967,6662680,63706,3335805,80261,3326875,0,0,79592,3387207,64012,1642706,82783,5029913,
All CA and Non-CA Counties,2021-02-16,254038,6916718,120467,3456272,133571,3460446,0,0,135474,3407908,118209,1760915,138910,5168823,
All CA and Non-CA Counties,2021-02-17,262697,7179415,131000,3587272,131697,3592143,0,0,130120,3409600,132083,1892998,133775,5302598,
All CA and Non-CA Counties,2021-02-18,277329,7456744,145313,3732585,132016,3724159,0,0,133910,3405436,142765,2035763,138601,5441199,
All CA and Non-CA Counties,2021-02-19,257102,7713846,149881,3882466,107221,3831380,0,0,132412,3415777,124245,2160008,134586,5575785,
All CA and Non-CA Counties,2021-02-20,154556,7868402,99412,3981878,55144,3886524,0,0,84496,3432741,69822,2229830,86786,5662571,
All CA and Non-CA Counties,2021-02-21,73768,7942170,59648,4041526,14120,3900644,0,0,36133,3433751,37416,2267246,38426,5700997,
All CA and Non-CA Counties,2021-02-22,166016,8108186,111590,4153116,54426,3955070,0,0,83218,3436976,82492,2349738,85717,5786714,
All CA and Non-CA Counties,2021-02-23,227472,8335658,119734,4272850,107738,4062808,0,0,105218,3427446,121728,2471466,112198,5898912,
All CA and Non-CA Counties,2021-02-24,286745,8622403,144863,4417713,141882,4204690,0,0,136142,3422192,150017,2621483,144763,6043675,
All CA and Non-CA Counties,2021-02-25,322337,8944740,157655,4575368,164682,4369372,0,0,168018,3446028,153646,2775129,177482,6221157,
All CA and Non-CA Counties,2021-02-26,356205,9300945,166337,4741705,189868,4559240,0,0,198767,3495591,156522,2931651,206085,6427242,
All CA and Non-CA Counties,2021-02-27,250833,9551778,119906,4861611,130907,4690147,20,20,140900,3531716,109372,3041023,145497,6572739,
All CA and Non-CA Counties,2021-02-28,131810,9683588,78988,4940599,52818,4742965,4,24,76600,3557294,54830,3095853,80408,6653147,
All CA and Non-CA Counties,2021-03-01,240600,9924188,127918,5068517,112637,4855602,45,69,137726,3597687,102249,3198102,142642,6795789,
All CA and Non-CA Counties,2021-03-02,281009,10205197,135702,5204219,145292,5000894,15,84,165591,3656174,114967,3313069,173454,6969243,
All CA and Non-CA Counties,2021-03-03,334269,10539466,164171,5368390,170062,5170956,36,120,190164,3711094,143478,3456547,198398,7167641,
All CA and Non-CA Counties,2021-03-04,351757,10891223,176202,5544592,175469,5346425,86,206,204491,3776694,146569,3603116,212169,7379810,
All CA and Non-CA Counties,2021-03-05,335928,11227151,163296,5707888,171515,5517940,1117,1323,207542,3865310,127656,3730772,216272,7596082,
All CA and Non-CA Counties,2021-03-06,259530,11486681,132081,5839969,119513,5637453,7936,9259,160317,3939977,98836,3829608,173503,7769585,
All CA and Non-CA Counties,2021-03-07,125509,11612190,76349,5916318,45077,5682530,4083,13342,78023,3979329,47323,3876931,86675,7856260,
All CA and Non-CA Counties,2021-03-08,217598,11829788,104883,6021201,102118,5784648,10597,23939,141981,4061659,75257,3952188,157587,8013847,
All CA and Non-CA Counties,2021-03-09,269696,12099484,116917,6138118,136700,5921348,16079,40018,145677,4105543,123593,4075781,167477,8181324,
All CA and Non-CA Counties,2021-03-10,316421,12415905,155237,6293355,136962,6058310,24222,64240,170428,4160299,145414,4221195,200170,8381494,
All CA and Non-CA Counties,2021-03-11,376986,12792891,181905,6475260,161701,6220011,33380,97620,193970,4210913,182169,4403364,232783,8614277,
All CA and Non-CA Counties,2021-03-12,393469,13186360,175796,6651056,171117,6391128,46556,144176,192299,4253382,200438,4603802,242907,8857184,
All CA and Non-CA Counties,2021-03-13,281733,13468093,123817,6774873,126715,6517843,31201,175377,152704,4312959,128622,4732424,188199,9045383,
All CA and Non-CA Counties,2021-03-14,154045,13622138,82169,6857042,56777,6574620,15099,190476,83283,4343209,70515,4802939,100765,9146148,
All CA and Non-CA Counties,2021-03-15,290984,13913122,138625,6995667,131608,6706228,20751,211227,158953,4394973,131367,4934306,183131,9329279,
All CA and Non-CA Counties,2021-03-16,373435,14286557,175426,7171093,180563,6886791,17446,228673,218237,4480017,154526,5088832,239570,9568849,
All CA and Non-CA Counties,2021-03-17,385926,14672483,191725,7362818,175659,7062450,18542,247215,239341,4595013,145871,5234703,260867,9829716,
All CA and Non-CA Counties,2021-03-18,401271,15073754,204401,7567219,178656,7241106,18214,265429,240615,4697317,159670,5394373,261974,10091690,
All CA and Non-CA Counties,2021-03-19,409881,15483635,214791,7782010,173246,7414352,21844,287273,240614,4793888,168401,5562774,264972,10356662,
All CA and Non-CA Counties,2021-03-20,294227,15777862,154841,7936851,123644,7537996,15742,303015,189738,4897399,103898,5666672,207409,10564071,
All CA and Non-CA Counties,2021-03-21,143102,15920964,98422,8035273,37213,7575209,7467,310482,90760,4946313,52058,5718730,100972,10665043,
All CA and Non-CA Counties,2021-03-22,271309,16192273,158259,8193532,102116,7677325,10934,321416,179616,5049345,91067,5809797,194099,10859142,
All CA and Non-CA Counties,2021-03-23,357295,16549568,195776,8389308,150593,7827918,10926,332342,230624,5167860,125858,5935655,244373,11103515,
All CA and Non-CA Counties,2021-03-24,388115,16937683,222004,8611312,153667,7981585,12444,344786,229694,5255940,157326,6092981,245406,11348921,
All CA and Non-CA Counties,2021-03-25,416655,17354338,228057,8839369,173841,8155426,14757,359543,241670,5340746,173821,6266802,258627,11607548,
All CA and Non-CA Counties,2021-03-26,432476,17786814,230623,9069992,185957,8341383,15896,375439,240277,5408821,191098,6457900,259173,11866721,
All CA and Non-CA Counties,2021-03-27,311388,18098202,165645,9235637,134360,8475743,11383,386822,160875,5433547,149793,6607693,174519,12041240,
All CA and Non-CA Counties,2021-03-28,168868,18267070,107446,9343083,57699,8533442,3723,390545,92923,5456527,75581,6683274,98561,12139801,
All CA and Non-CA Counties,2021-03-29,310513,18577583,166956,9510039,134707,8668149,8850,399395,177385,5512773,132484,6815758,188730,12328531,
All CA and Non-CA Counties,2021-03-30,398043,18975626,201009,9711048,179205,8847354,17829,417224,243073,5621229,154296,6970054,262752,12591283,
All CA and Non-CA Counties,2021-03-31,424291,19399917,230927,9941975,171597,9018951,21767,438991,244005,5708651,179455,7149509,266877,12858160,
All CA and Non-CA Counties,2021-04-01,486477,19886394,249592,10191567,197770,9216721,39115,478106,270602,5804720,214924,7364433,310993,13169153,
All CA and Non-CA Counties,2021-04-02,470935,20357329,230204,10421771,198149,9414870,42582,520688,257818,5894771,212053,7576486,302104,13471257,
All CA and Non-CA Counties,2021-04-03,328319,20685648,167458,10589229,119623,9534493,41238,561926,165100,5939903,162663,7739149,207795,13679052,
All CA and Non-CA Counties,2021-04-04,132739,20818387,69175,10658404,44593,9579086,18971,580897,59460,5945532,73052,7812201,78681,13757733,
All CA and Non-CA Counties,2021-04-05,351410,21169797,181125,10839529,130921,9710007,39364,620261,175179,5987137,175687,7987888,217292,13975025,
All CA and Non-CA Counties,2021-04-06,457662,21627459,232490,11072019,159239,9869246,65933,686194,223324,6045431,233542,8221430,291836,14266861,
All CA and Non-CA Counties,2021-04-07,472507,22099966,246181,11318200,155942,10025188,70384,756578,231548,6109515,240145,8461575,304229,14571090,
All CA and Non-CA Counties,2021-04-08,498776,22598742,252627,11570827,161801,10186989,84348,840926,236139,6170771,261650,8723225,322906,14893996,
All CA and Non-CA Counties,2021-04-09,488547,23087289,243541,11814368,165061,10352050,79945,920871,226433,6219515,261206,8984431,309950,15203946,
All CA and Non-CA Counties,2021-04-10,364720,23452009,167971,11982339,122401,10474451,74348,995219,153050,6238849,211052,9195483,230386,15434332,
All CA and Non-CA Counties,2021-04-11,186718,23638727,104173,12086512,48245,10522696,34300,1029519,77121,6244538,109292,9304775,114981,15549313,
All CA and Non-CA Counties,2021-04-12,338483,23977210,174497,12261009,126287,10648983,37699,1067218,157869,6263889,179789,9484564,199140,15748453,
All CA and Non-CA Counties,2021-04-13,430580,24407790,240399,12501408,189248,10838231,933,1068151,240258,6319499,189460,9674024,245070,15993523,
All CA and Non-CA Counties,2021-04-14,446253,24854043,250964,12752372,195019,11033250,270,1068421,234589,6349844,210648,9884672,240993,16234516,
All CA and Non-CA Counties,2021-04-15,483949,25337992,282238,13034610,201482,11234732,229,1068650,272049,6416244,210588,10095260,276988,16511504,
All CA and Non-CA Counties,2021-04-16,469857,25807849,265305,13299915,204248,11438980,304,1068954,252261,6455244,216531,10311791,255531,16767035,
All CA and Non-CA Counties,2021-04-17,335062,26142911,189520,13489435,145502,11584482,40,1068994,189945,6504667,144469,10456260,193892,16960927,
All CA and Non-CA Counties,2021-04-18,153320,26296231,96911,13586346,56393,11640875,16,1069010,80005,6515363,72969,10529229,83665,17044592,
All CA and Non-CA Counties,2021-04-19,317363,26613594,183203,13769549,134066,11774941,94,1069104,151066,6504082,165536,10694765,154255,17198847,
All CA and Non-CA Counties,2021-04-20,406435,27020029,216018,13985567,190372,11965313,45,1069149,203006,6510231,202541,10897306,208690,17407537,
All CA and Non-CA Counties,2021-04-21,419663,27439692,237430,14222997,181983,12147296,250,1069399,202298,6502618,216178,11113484,208565,17616102,
All CA and Non-CA Counties,2021-04-22,439344,27879036,250975,14473972,188296,12335592,73,1069472,198318,6468431,239836,11353320,205649,17821751,
All CA and Non-CA Counties,2021-04-23,432038,28311074,246414,14720386,185544,12521136,80,1069552,195864,6440092,234992,11588312,206653,18028404,
All CA and Non-CA Counties,2021-04-24,321521,28632595,204146,14924532,117216,12638352,159,1069711,163905,6454791,156807,11745119,171506,18199910,
All CA and Non-CA Counties,2021-04-25,149318,28781913,98170,15022702,51084,12689436,64,1069775,79893,6468097,69054,11814173,82360,18282270,
All CA and Non-CA Counties,2021-04-26,267082,29048995,154867,15177569,110842,12800278,1373,1071148,115501,6442740,150806,11964979,125449,18407719,
All CA and Non-CA Counties,2021-04-27,337280,29386275,185191,15362760,146556,12946834,5533,1076681,135214,6391295,201114,12166093,149669,18557388,
All CA and Non-CA Counties,2021-04-28,321407,29707682,180120,15542880,133541,13080375,7746,1084427,129849,6345999,190716,12356809,145420,18702808,
All CA and Non-CA Counties,2021-04-29,274208,29981890,151775,15694655,115518,13195893,6915,1091342,97121,6282352,176336,12533145,112689,18815497,
All CA and Non-CA Counties,2021-04-30,228109,30209999,132017,15826672,92254,13288147,3838,1095180,81970,6228835,145528,12678673,92011,18907508,
Outside California,2020-12-15,7,7,7,7,0,0,0,0,7,7,0,0,7,7,Not in California
Outside California,2020-12-16,265,272,265,272,0,0,0,0,265,272,0,0,265,272,Not in California
Outside California,2020-12-17,1599,1871,1599,1871,0,0,0,0,1599,1871,0,0,1599,1871,Not in California
Outside California,2020-12-18,2558,4429,2551,4422,7,7,0,0,2558,4429,0,0,2558,4429,Not in California
Outside California,2020-12-19,1039,5468,1038,5460,1,8,0,0,1039,5468,0,0,1039,5468,Not in California
Outside California,2020-12-20,674,6142,672,6132,2,10,0,0,674,6142,0,0,674,6142,Not in California
Outside California,2020-12-21,2192,8334,2189,8321,3,13,0,0,2192,8334,0,0,2192,8334,Not in California
Outside California,2020-12-22,2064,10398,1991,10312,73,86,0,0,2064,10398,0,0,2064,10398,Not in California
Outside California,2020-12-23,1520,11918,1387,11699,133,219,0,0,1520,11918,0,0,1520,11918,Not in California
Outside California,2020-12-24,804,12722,612,12311,192,411,0,0,804,12722,0,0,804,12722,Not in California
Outside California,2020-12-25,33,12755,29,12340,4,415,0,0,33,12755,0,0,33,12755,Not in California
Outside California,2020-12-26,308,13063,204,12544,104,519,0,0,308,13063,0,0,308,13063,Not in California
Outside California,2020-12-27,188,13251,73,12617,115,634,0,0,188,13251,0,0,188,13251,Not in California
Outside California,2020-12-28,1417,14668,900,13517,517,1151,0,0,1417,14668,0,0,1417,14668,Not in California
Outside California,2020-12-29,1551,16219,1017,14534,534,1685,0,0,1551,16219,0,0,1551,16219,Not in California
Outside California,2020-12-30,1926,18145,1235,15769,691,2376,0,0,1926,18145,0,0,1926,18145,Not in California
Outside California,2020-12-31,1121,19266,600,16369,521,2897,0,0,1120,19264,1,1,1120,19265,Not in California
Outside California,2021-01-01,111,19377,23,16392,88,2985,0,0,111,19375,0,1,111,19376,Not in California
Outside California,2021-01-02,240,19617,133,16525,107,3092,0,0,239,19613,1,2,239,19615,Not in California
Outside California,2021-01-03,170,19787,90,16615,80,3172,0,0,170,19783,0,2,170,19785,Not in California
Outside California,2021-01-04,1144,20931,509,17124,635,3807,0,0,1140,20923,0,2,1140,20925,Not in California
Outside California,2021-01-05,1539,22470,811,17935,728,4535,0,0,1348,22082,189,191,1348,22273,Not in California
Outside California,2021-01-06,2704,25174,1596,19531,1108,5643,0,0,1972,23325,729,920,1972,24245,Not in California
Outside California,2021-01-07,4141,29315,2535,22066,1606,7249,0,0,2486,24160,1653,2573,2488,26733,Not in California
Outside California,2021-01-08,4520,33835,2924,24990,1596,8845,0,0,2642,24937,1868,4441,2645,29378,Not in California
Outside California,2021-01-09,1316,35151,526,25516,790,9635,0,0,991,25606,324,4765,993,30371,Not in California
Outside California,2021-01-10,301,35452,180,25696,121,9756,0,0,181,25667,120,4885,181,30552,Not in California
Outside California,2021-01-11,3308,38760,2011,27707,1297,11053,0,0,1975,26309,1333,6218,1975,32527,Not in California
Outside California,2021-01-12,3875,42635,2312,30019,1563,12616,0,0,2332,27103,1539,7757,2333,34860,Not in California
Outside California,2021-01-13,3690,46325,1801,31820,1889,14505,0,0,2514,28443,1176,8933,2516,37376,Not in California
Outside California,2021-01-14,3752,50077,1275,33095,2477,16982,0,0,3110,30925,629,9562,3111,40487,Not in California
Outside California,2021-01-15,4277,54354,992,34087,3285,20267,0,0,3807,34275,457,10019,3807,44294,Not in California
Outside California,2021-01-16,2698,57052,382,34469,2316,22583,0,0,2529,36637,167,10186,2529,46823,Not in California
Outside California,2021-01-17,494,57546,148,34617,346,22929,0,0,445,37033,49,10235,445,47268,Not in California
Outside California,2021-01-18,1195,58741,767,35384,428,23357,0,0,739,37318,455,10690,740,48008,Not in California
Outside California,2021-01-19,4040,62781,1318,36702,2722,26079,0,0,3145,39571,895,11585,3148,51156,Not in California
Outside California,2021-01-20,4397,67178,1407,38109,2990,29069,0,0,3465,42107,930,12515,3466,54622,Not in California
Outside California,2021-01-21,4128,71306,1113,39222,3015,32084,0,0,3564,45122,549,13064,3564,58186,Not in California
Outside California,2021-01-22,4627,75933,1078,40300,3549,35633,0,0,4232,48964,391,13455,4233,62419,Not in California
Outside California,2021-01-23,2256,78189,331,40631,1925,37558,0,0,2093,50894,163,13618,2093,64512,Not in California
Outside California,2021-01-24,602,78791,243,40874,359,37917,0,0,524,51340,78,13696,524,65036,Not in California
Outside California,2021-01-25,4460,83251,1954,42828,2506,40423,0,0,3595,54073,863,14559,3596,68632,Not in California
Outside California,2021-01-26,5947,89198,2892,45720,3055,43478,0,0,5103,58340,843,15402,5110,73742,Not in California
Outside California,2021-01-27,4819,94017,2670,48390,2149,45627,0,0,4205,61936,610,16012,4206,77948,Not in California
Outside California,2021-01-28,5290,99307,2878,51268,2412,48039,0,0,4764,66185,515,16527,4764,82712,Not in California
Outside California,2021-01-29,4807,104114,2974,54242,1833,49872,0,0,4025,69434,778,17305,4027,86739,Not in California
Outside California,2021-01-30,4338,108452,2294,56536,2044,51916,0,0,4114,73327,221,17526,4114,90853,Not in California
Outside California,2021-01-31,3171,111623,2753,59289,418,52334,0,0,3119,76395,52,17578,3120,93973,Not in California
Outside California,2021-02-01,5479,117102,2565,61854,2914,55248,0,0,4790,80503,682,18260,4790,98763,Not in California
Outside California,2021-02-02,6756,123858,2164,64018,4592,59840,0,0,6039,85832,710,18970,6039,104802,Not in California
Outside California,2021-02-03,7320,131178,2080,66098,5240,65080,0,0,6456,91433,856,19826,6457,111259,Not in California
Outside California,2021-02-04,6792,137970,2172,68270,4620,69700,0,0,5807,96265,976,20802,5808,117067,Not in California
Outside California,2021-02-05,6812,144782,2216,70486,4596,74296,0,0,5752,100961,1056,21858,5752,122819,Not in California
Outside California,2021-02-06,4443,149225,2168,72654,2275,76571,0,0,3985,104500,449,22307,3988,126807,Not in California
Outside California,2021-02-07,2164,151389,1782,74436,382,76953,0,0,2087,106512,77,22384,2089,128896,Not in California
Outside California,2021-02-08,5233,156622,3270,77706,1963,78916,0,0,4180,109649,1043,23427,4180,133076,Not in California
Outside California,2021-02-09,4268,160890,1893,79599,2375,81291,0,0,2964,111332,1295,24722,2978,136054,Not in California
Outside California,2021-02-10,5534,166424,1864,81463,3670,84961,0,0,3094,112036,2432,27154,3136,139190,Not in California
Outside California,2021-02-11,4727,171151,2143,83606,2584,87545,0,0,3423,114180,1296,28450,3440,142630,Not in California
Outside California,2021-02-12,5211,176362,1918,85524,3293,90838,0,0,3391,115764,1812,30262,3396,146026,Not in California
Outside California,2021-02-13,2395,178757,692,86216,1703,92541,0,0,1853,117087,542,30804,1865,147891,Not in California
Outside California,2021-02-14,1323,180080,399,86615,924,93465,0,0,1085,117939,235,31039,1087,148978,Not in California
Outside California,2021-02-15,2506,182586,1508,88123,998,94463,0,0,1198,117846,1295,32334,1202,150180,Not in California
Outside California,2021-02-16,6431,189017,2887,91010,3544,98007,0,0,2612,116653,3809,36143,2616,152796,Not in California
Outside California,2021-02-17,5894,194911,2932,93942,2962,100969,0,0,1826,114420,4063,40206,1830,154626,Not in California
Outside California,2021-02-18,6363,201274,3661,97603,2702,103671,0,0,2038,112151,4308,44514,2039,156665,Not in California
Outside California,2021-02-19,5678,206952,3925,101528,1753,105424,0,0,2413,111305,3260,47774,2414,159079,Not in California
Outside California,2021-02-20,3236,210188,2582,104110,654,106078,0,0,1196,110464,2038,49812,1197,160276,Not in California
Outside California,2021-02-21,1783,211971,1567,105677,216,106294,0,0,617,109919,1162,50974,617,160893,Not in California
Outside California,2021-02-22,3455,215426,2528,108205,927,107221,0,0,1619,109708,1835,52809,1624,162517,Not in California
Outside California,2021-02-23,5838,221264,3231,111436,2607,109828,0,0,2302,108493,3531,56340,2316,164833,Not in California
Outside California,2021-02-24,6330,227594,3478,114914,2852,112680,0,0,2488,107149,3837,60177,2493,167326,Not in California
Outside California,2021-02-25,6894,234488,3486,118400,3408,116088,0,0,3120,106530,3743,63920,3124,170450,Not in California
Outside California,2021-02-26,6795,241283,3607,122007,3188,119276,0,0,3165,106144,3552,67472,3166,173616,Not in California
Outside California,2021-02-27,5292,246575,2552,124559,2739,122015,1,1,1846,104559,3435,70907,1850,175466,Not in California
Outside California,2021-02-28,2412,248987,1756,126315,655,122670,1,2,792,103734,1619,72526,794,176260,Not in California
Outside California,2021-03-01,4709,253696,2925,129240,1783,124453,1,3,1295,101628,3407,75933,1301,177561,Not in California
Outside California,2021-03-02,6172,259868,1999,131239,4173,128626,0,3,1866,99200,4296,80229,1868,179429,Not in California
Outside California,2021-03-03,7742,267610,2949,134188,4791,133417,2,5,2584,96644,5146,85375,2590,182019,Not in California
Outside California,2021-03-04,6706,274316,2827,137015,3875,137292,4,9,2321,94601,4370,89745,2327,184346,Not in California
Outside California,2021-03-05,5035,279351,2440,139455,2581,139873,14,23,2574,94744,2452,92197,2595,186941,Not in California
Outside California,2021-03-06,4573,283924,2109,141564,2308,142181,156,179,2314,94965,2257,94454,2478,189419,Not in California
Outside California,2021-03-07,1541,285465,978,142542,509,142690,54,233,923,95326,617,95071,978,190397,Not in California
Outside California,2021-03-08,2949,288414,1691,144233,1012,143702,246,479,2062,96783,858,95929,2315,192712,Not in California
Outside California,2021-03-09,4261,292675,2004,146237,1935,145637,322,801,2418,97684,1839,97768,2740,195452,Not in California
Outside California,2021-03-10,4087,296762,1825,148062,1760,147397,502,1303,2437,98987,1643,99411,2946,198398,Not in California
Outside California,2021-03-11,5914,302676,2909,150971,2332,149729,673,1976,3103,99958,2806,102217,3777,202175,Not in California
Outside California,2021-03-12,6098,308774,3560,154531,1814,151543,724,2700,3264,101121,2826,105043,3989,206164,Not in California
Outside California,2021-03-13,3702,312476,2132,156663,1108,152651,462,3162,2576,103042,1120,106163,3041,209205,Not in California
Outside California,2021-03-14,1744,314220,888,157551,533,153184,323,3485,1039,103700,705,106868,1363,210568,Not in California
Outside California,2021-03-15,3900,318120,2018,159569,1451,154635,431,3916,2066,104374,1828,108696,2502,213070,Not in California
Outside California,2021-03-16,7186,325306,4101,163670,2718,157353,367,4283,3913,105382,3271,111967,4279,217349,Not in California
Outside California,2021-03-17,7993,333299,5038,168708,2590,159943,365,4648,4664,107086,3326,115293,5030,222379,Not in California
Outside California,2021-03-18,7920,341219,4773,173481,2623,162566,524,5172,4511,108720,3401,118694,5035,227414,Not in California
Outside California,2021-03-19,7262,348481,4300,177781,2420,164986,542,5714,4385,110775,2875,121569,4930,232344,Not in California
Outside California,2021-03-20,4682,353163,3066,180847,1530,166516,86,5800,3610,113406,1065,122634,3696,236040,Not in California
Outside California,2021-03-21,2000,355163,1348,182195,565,167081,87,5887,1606,114708,392,123026,1694,237734,Not in California
Outside California,2021-03-22,3207,358370,1929,184124,1191,168272,87,5974,2219,116032,982,124008,2306,240040,Not in California
Outside California,2021-03-23,5965,364335,3040,187164,2656,170928,269,6243,4198,118746,1754,125762,4468,244508,Not in California
Outside California,2021-03-24,7191,371526,3695,190859,3073,174001,423,6666,5053,122088,2132,127894,5474,249982,Not in California
Outside California,2021-03-25,8018,379544,3656,194515,3876,177877,486,7152,5996,126558,2012,129906,6482,256464,Not in California
Outside California,2021-03-26,6533,386077,3421,197936,2944,180821,168,7320,4457,129130,2052,131958,4624,261088,Not in California
Outside California,2021-03-27,5266,391343,3014,200950,2153,182974,99,7419,3398,130765,1859,133817,3494,264582,Not in California
Outside California,2021-03-28,3017,394360,1592,202542,1268,184242,157,7576,2025,131960,987,134804,2182,266764,Not in California
Outside California,2021-03-29,4953,399313,2153,204695,2470,186712,330,7906,2995,133330,1956,136760,3326,270090,Not in California
Outside California,2021-03-30,6559,405872,3383,208078,2634,189346,542,8448,4094,135520,2454,139214,4644,274734,Not in California
Outside California,2021-03-31,6041,411913,3584,211662,1698,191044,759,9207,3439,137118,2598,141812,4196,278930,Not in California
Outside California,2021-04-01,7121,419034,4171,215833,2334,193378,616,9823,4227,139068,2888,144700,4838,283768,Not in California
Outside California,2021-04-02,8112,427146,4161,219994,2833,196211,1118,10941,4375,140831,3731,148431,5494,289262,Not in California
Outside California,2021-04-03,6087,433233,3537,223531,1401,197612,1149,12090,3215,142328,2867,151298,4364,293626,Not in California
Outside California,2021-04-04,1759,434992,867,224398,659,198271,233,12323,986,142774,773,152071,1219,294845,Not in California
Outside California,2021-04-05,3940,438932,1909,226307,1380,199651,651,12974,1916,143321,2021,154092,2568,297413,Not in California
Outside California,2021-04-06,6641,445573,3474,229781,1621,201272,1546,14520,2682,143602,3946,158038,4227,301640,Not in California
Outside California,2021-04-07,7663,453236,4265,234046,1747,203019,1651,16171,3103,143793,4553,162591,4744,306384,Not in California
Outside California,2021-04-08,7722,460958,3972,238018,1860,204879,1890,18061,3128,144218,4586,167177,5011,311395,Not in California
Outside California,2021-04-09,7280,468238,3699,241717,1677,206556,1904,19965,2945,144739,4330,171507,4851,316246,Not in California
Outside California,2021-04-10,6045,474283,3068,244785,1130,207686,1847,21812,1725,143994,4316,175823,3571,319817,Not in California
Outside California,2021-04-11,2827,477110,1522,246307,675,208361,630,22442,1034,143867,1792,177615,1665,321482,Not in California
Outside California,2021-04-12,3898,481008,2168,248475,1208,209569,522,22964,1815,144125,2079,179694,2337,323819,Not in California
Outside California,2021-04-13,5471,486479,3483,251958,1964,211533,24,22988,2756,144196,2710,182404,2781,326600,Not in California
Outside California,2021-04-14,5071,491550,3211,255169,1857,213390,3,22991,2763,144659,2303,184707,2766,329366,Not in California
Outside California,2021-04-15,5850,497400,3554,258723,2290,215680,6,22997,3186,145238,2614,187321,3193,332559,Not in California
Outside California,2021-04-16,5831,503231,3370,262093,2454,218134,7,23004,3372,146164,2454,189775,3380,335939,Not in California
Outside California,2021-04-17,5143,508374,3043,265136,2099,220233,1,23005,2937,146901,2200,191975,2937,338876,Not in California
Outside California,2021-04-18,2071,510445,1151,266287,919,221152,1,23006,992,146821,1074,193049,994,339870,Not in California
Outside California,2021-04-19,4081,514526,1926,268213,2154,223306,1,23007,2136,147025,1935,194984,2139,342009,Not in California
Outside California,2021-04-20,5385,519911,2527,270740,2858,226164,0,23007,2375,146396,3004,197988,2375,344384,Not in California
Outside California,2021-04-21,6493,526404,2836,273576,3655,229819,2,23009,2506,144931,3974,201962,2509,346893,Not in California
Outside California,2021-04-22,7025,533429,3786,277362,3236,233055,3,23012,2888,143692,4131,206093,2892,349785,Not in California
Outside California,2021-04-23,5888,539317,3038,280400,2849,235904,1,23013,2595,143008,3282,209375,2598,352383,Not in California
Outside California,2021-04-24,4873,544190,3412,283812,1458,237362,3,23016,2229,142603,2640,212015,2235,354618,Not in California
Outside California,2021-04-25,2143,546333,1272,285084,869,238231,2,23018,1114,142695,1026,213041,1118,355736,Not in California
Outside California,2021-04-26,3414,549747,1434,286518,1959,240190,21,23039,1544,142395,1865,214906,1565,357301,Not in California
Outside California,2021-04-27,5029,554776,1698,288216,3042,243232,289,23328,1906,141478,3117,218023,2200,359501,Not in California
Outside California,2021-04-28,4630,559406,1898,290114,2344,245576,388,23716,1933,141113,2688,220711,2323,361824,Not in California
Outside California,2021-04-29,4001,563407,1739,291853,1890,247466,372,24088,1643,140785,2344,223055,2016,363840,Not in California
Outside California,2021-04-30,2941,566348,1353,293206,1320,248786,268,24356,1210,140538,1725,224780,1478,365318,Not in California
Unknown,2020-12-17,2,2,2,2,0,0,0,0,0,0,0,0,0,0,Not in California
Unknown,2020-12-18,9,11,9,11,0,0,0,0,8,8,0,0,8,8,Not in California
Unknown,2020-12-19,81,92,81,92,0,0,0,0,81,89,0,0,81,89,Not in California
Unknown,2020-12-20,24,116,24,116,0,0,0,0,24,113,0,0,24,113,Not in California
Unknown,2020-12-21,5,121,5,121,0,0,0,0,0,113,0,0,0,113,Not in California
Unknown,2020-12-22,4,125,4,125,0,0,0,0,4,117,0,0,4,117,Not in California
Unknown,2020-12-26,1,126,1,126,0,0,0,0,1,118,0,0,1,118,Not in California
Unknown,2020-12-28,4,130,4,130,0,0,0,0,3,121,0,0,3,121,Not in California
Unknown,2020-12-29,3,133,3,133,0,0,0,0,3,124,0,0,3,124,Not in California
Unknown,2020-12-30,59,192,56,189,3,3,0,0,57,181,0,0,57,181,Not in California
Unknown,2020-12-31,2,194,0,189,2,5,0,0,1,182,0,0,1,182,Not in California
Unknown,2021-01-02,1,195,0,189,1,6,0,0,1,183,0,0,1,183,Not in California
Unknown,2021-01-04,3,198,3,192,0,6,0,0,2,185,0,0,2,185,Not in California
Unknown,2021-01-05,1,199,0,192,1,7,0,0,2,187,0,0,2,187,Not in California
Unknown,2021-01-06,30,229,28,220,2,9,0,0,6,170,23,23,6,193,Not in California
Unknown,2021-01-07,110,339,107,327,3,12,0,0,72,204,38,61,72,265,Not in California
Unknown,2021-01-08,26,365,21,348,5,17,0,0,5,188,21,82,5,270,Not in California
Unknown,2021-01-09,3,368,2,350,1,18,0,0,4,192,0,82,4,274,Not in California
Unknown,2021-01-11,23,391,23,373,0,18,0,0,18,206,4,86,18,292,Not in California
Unknown,2021-01-12,10,401,8,381,2,20,0,0,8,214,1,87,9,301,Not in California
Unknown,2021-01-13,11,412,11,392,0,20,0,0,13,227,0,87,13,314,Not in California
Unknown,2021-01-14,4,416,3,395,1,21,0,0,4,231,0,87,4,318,Not in California
Unknown,2021-01-15,4,420,3,398,1,22,0,0,4,235,0,87,4,322,Not in California
Unknown,2021-01-16,7,427,7,405,0,22,0,0,6,240,1,88,6,328,Not in California
Unknown,2021-01-17,3,430,3,408,0,22,0,0,3,243,0,88,3,331,Not in California
Unknown,2021-01-18,54,484,54,462,0,22,0,0,52,293,2,90,52,383,Not in California
Unknown,2021-01-19,23,507,22,484,1,23,0,0,21,313,1,91,21,404,Not in California
Unknown,2021-01-20,79,586,79,563,0,23,0,0,27,288,52,143,27,431,Not in California
Unknown,2021-01-21,60,646,58,621,2,25,0,0,61,348,1,144,61,492,Not in California
Unknown,2021-01-22,40,686,35,656,5,30,0,0,40,388,0,144,40,532,Not in California
Unknown,2021-01-23,12,698,6,662,6,36,0,0,12,400,0,144,12,544,Not in California
Unknown,2021-01-24,2,700,2,664,0,36,0,0,3,403,0,144,3,547,Not in California
Unknown,2021-01-25,22,722,19,683,3,39,0,0,19,419,3,147,19,566,Not in California
Unknown,2021-01-26,98,820,94,777,4,43,0,0,101,520,0,147,101,667,Not in California
Unknown,2021-01-27,17,837,17,794,0,43,0,0,16,535,1,148,16,683,Not in California
Unknown,2021-01-28,155,992,152,946,3,46,0,0,98,573,60,208,98,781,Not in California
Unknown,2021-01-29,147,1139,146,1092,1,47,0,0,151,723,1,209,151,932,Not in California
Unknown,2021-01-30,10,1149,8,1100,2,49,0,0,13,735,1,210,13,945,Not in California
Unknown,2021-01-31,16,1165,16,1116,0,49,0,0,16,750,1,211,16,961,Not in California
Unknown,2021-02-01,36,1201,34,1150,2,51,0,0,21,754,17,228,21,982,Not in California
Unknown,2021-02-02,70,1271,68,1218,2,53,0,0,63,811,6,234,63,1045,Not in California
Unknown,2021-02-03,50,1321,46,1264,4,57,0,0,38,838,11,245,38,1083,Not in California
Unknown,2021-02-04,61,1382,56,1320,5,62,0,0,56,889,5,250,56,1139,Not in California
Unknown,2021-02-05,22,1404,15,1335,7,69,0,0,18,900,7,257,18,1157,Not in California
Unknown,2021-02-06,19,1423,14,1349,5,74,0,0,15,908,7,264,15,1172,Not in California
Unknown,2021-02-07,8,1431,8,1357,0,74,0,0,6,912,2,266,6,1178,Not in California
Unknown,2021-02-08,52,1483,49,1406,3,77,0,0,13,886,39,305,13,1191,Not in California
Unknown,2021-02-09,20,1503,19,1425,1,78,0,0,5,876,15,320,5,1196,Not in California
Unknown,2021-02-10,35,1538,30,1455,5,83,0,0,9,859,26,346,9,1205,Not in California
Unknown,2021-02-11,92,1630,91,1546,1,84,0,0,43,852,50,396,43,1248,Not in California
Unknown,2021-02-12,46,1676,38,1584,8,92,0,0,17,836,33,429,17,1265,Not in California
Unknown,2021-02-13,15,1691,3,1587,12,104,0,0,17,852,1,430,17,1282,Not in California
Unknown,2021-02-14,7,1698,1,1588,6,110,0,0,5,856,1,431,5,1287,Not in California
Unknown,2021-02-15,43,1741,37,1625,6,116,0,0,28,871,13,444,28,1315,Not in California
Unknown,2021-02-16,104,1845,95,1720,9,125,0,0,31,829,73,517,31,1346,Not in California
Unknown,2021-02-17,10,1855,8,1728,2,127,0,0,4,828,5,522,4,1350,Not in California
Unknown,2021-02-18,105,1960,100,1828,5,132,0,0,19,761,86,608,19,1369,Not in California
Unknown,2021-02-19,196,2156,190,2018,6,138,0,0,58,682,137,745,58,1427,Not in California
Unknown,2021-02-20,12,2168,5,2023,7,145,0,0,5,682,5,750,5,1432,Not in California
Unknown,2021-02-21,18,2186,18,2041,0,145,0,0,4,672,14,764,4,1436,Not in California
Unknown,2021-02-22,9,2195,9,2050,0,145,0,0,6,675,3,767,6,1442,Not in California
Unknown,2021-02-23,63,2258,51,2101,12,157,0,0,15,643,47,814,15,1457,Not in California
Unknown,2021-02-24,43,2301,35,2136,8,165,0,0,14,628,29,843,14,1471,Not in California
Unknown,2021-02-25,76,2377,60,2196,16,181,0,0,27,606,49,892,27,1498,Not in California
Unknown,2021-02-26,40,2417,25,2221,15,196,0,0,24,615,15,907,24,1522,Not in California
Unknown,2021-02-27,27,2444,14,2235,13,209,0,0,19,626,8,915,19,1541,Not in California
Unknown,2021-02-28,17,2461,13,2248,4,213,0,0,10,631,5,920,10,1551,Not in California
Unknown,2021-03-01,44,2505,26,2274,18,231,0,0,24,636,19,939,24,1575,Not in California
Unknown,2021-03-02,20,2525,8,2282,12,243,0,0,12,642,6,945,12,1587,Not in California
Unknown,2021-03-03,13,2538,7,2289,6,249,0,0,9,648,3,948,9,1596,Not in California
Unknown,2021-03-04,53,2591,49,2338,4,253,0,0,21,638,31,979,21,1617,Not in California
Unknown,2021-03-05,33,2624,15,2353,18,271,0,0,35,667,6,985,35,1652,Not in California
Unknown,2021-03-06,32,2656,11,2364,19,290,2,2,23,683,9,994,25,1677,Not in California
Unknown,2021-03-07,10,2666,1,2365,9,299,0,2,6,686,3,997,6,1683,Not in California
Unknown,2021-03-08,32,2698,23,2388,7,306,2,4,8,671,25,1022,10,1693,Not in California
Unknown,2021-03-09,39,2737,32,2420,3,309,4,8,10,655,30,1052,14,1707,Not in California
Unknown,2021-03-10,9,2746,6,2426,1,310,2,10,5,657,5,1057,7,1714,Not in California
Unknown,2021-03-11,37,2783,13,2439,10,320,14,24,14,664,21,1078,28,1742,Not in California
Unknown,2021-03-12,82,2865,56,2495,21,341,5,29,15,620,64,1142,20,1762,Not in California
Unknown,2021-03-13,24,2889,4,2499,16,357,4,33,8,616,16,1158,12,1774,Not in California
Unknown,2021-03-14,17,2906,9,2508,6,363,2,35,6,613,11,1169,8,1782,Not in California
Unknown,2021-03-15,30,2936,11,2519,17,380,2,37,20,622,13,1182,22,1804,Not in California
Unknown,2021-03-16,64,3000,22,2541,38,418,4,41,44,651,19,1201,48,1852,Not in California
Unknown,2021-03-17,46,3046,14,2555,31,449,1,42,39,687,4,1205,40,1892,Not in California
Unknown,2021-03-18,40,3086,20,2575,20,469,0,42,28,703,12,1217,28,1920,Not in California
Unknown,2021-03-19,29,3115,19,2594,10,479,0,42,25,720,8,1225,25,1945,Not in California
Unknown,2021-03-20,33,3148,14,2608,19,498,0,42,19,727,12,1237,19,1964,Not in California
Unknown,2021-03-21,23,3171,17,2625,6,504,0,42,19,743,3,1240,19,1983,Not in California
Unknown,2021-03-22,34,3205,18,2643,15,519,1,43,18,750,12,1252,19,2002,Not in California
Unknown,2021-03-23,23,3228,9,2652,9,528,5,48,11,755,11,1263,16,2018,Not in California
Unknown,2021-03-24,26,3254,9,2661,17,545,0,48,21,771,5,1268,21,2039,Not in California
Unknown,2021-03-25,48,3302,34,2695,14,559,0,48,32,789,14,1282,32,2071,Not in California
Unknown,2021-03-26,36,3338,19,2714,12,571,5,53,22,800,16,1298,27,2098,Not in California
Unknown,2021-03-27,39,3377,13,2727,26,597,0,53,23,803,20,1318,23,2121,Not in California
Unknown,2021-03-28,16,3393,9,2736,7,604,0,53,11,810,4,1322,11,2132,Not in California
Unknown,2021-03-29,38,3431,17,2753,20,624,1,54,25,824,12,1334,26,2158,Not in California
Unknown,2021-03-30,42,3473,25,2778,17,641,0,54,26,835,15,1349,26,2184,Not in California
Unknown,2021-03-31,36,3509,22,2800,14,655,0,54,25,848,12,1361,25,2209,Not in California
Unknown,2021-04-01,28,3537,13,2813,15,670,0,54,31,874,5,1366,31,2240,Not in California
Unknown,2021-04-02,63,3600,16,2829,38,708,9,63,29,878,34,1400,38,2278,Not in California
Unknown,2021-04-03,18,3618,9,2838,9,717,0,63,8,876,10,1410,8,2286,Not in California
Unknown,2021-04-04,16,3634,5,2843,11,728,0,63,10,881,5,1415,10,2296,Not in California
Unknown,2021-04-05,34,3668,20,2863,13,741,1,64,19,886,15,1430,20,2316,Not in California
Unknown,2021-04-06,34,3702,17,2880,16,757,1,65,17,886,18,1448,18,2334,Not in California
Unknown,2021-04-07,38,3740,25,2905,13,770,0,65,33,911,8,1456,33,2367,Not in California
Unknown,2021-04-08,43,3783,28,2933,11,781,4,69,26,919,22,1478,30,2397,Not in California
Unknown,2021-04-09,41,3824,25,2958,16,797,0,69,27,932,14,1492,27,2424,Not in California
Unknown,2021-04-10,10,3834,9,2967,1,798,0,69,3,928,7,1499,3,2427,Not in California
Unknown,2021-04-11,15,3849,11,2978,4,802,0,69,6,925,9,1508,6,2433,Not in California
Unknown,2021-04-12,42,3891,23,3001,16,818,3,72,17,920,25,1533,20,2453,Not in California
Unknown,2021-04-13,70,3961,27,3028,43,861,0,72,28,906,42,1575,28,2481,Not in California
Unknown,2021-04-14,34,3995,10,3038,24,885,0,72,8,888,26,1601,8,2489,Not in California
Unknown,2021-04-15,44,4039,17,3055,26,911,1,73,15,876,28,1629,16,2505,Not in California
Unknown,2021-04-16,52,4091,38,3093,14,925,0,73,31,886,21,1650,31,2536,Not in California
Unknown,2021-04-17,26,4117,14,3107,12,937,0,73,8,878,17,1667,9,2545,Not in California
Unknown,2021-04-18,19,4136,7,3114,12,949,0,73,7,873,12,1679,7,2552,Not in California
Unknown,2021-04-19,35,4171,21,3135,14,963,0,73,16,871,18,1697,16,2568,Not in California
Unknown,2021-04-20,24,4195,14,3149,10,973,0,73,6,859,18,1715,6,2574,Not in California
Unknown,2021-04-21,37,4232,15,3164,22,995,0,73,11,844,26,1741,11,2585,Not in California
Unknown,2021-04-22,23,4255,14,3178,9,1004,0,73,5,831,18,1759,5,2590,Not in California
Unknown,2021-04-23,33,4288,15,3193,18,1022,0,73,19,837,13,1772,19,2609,Not in California
Unknown,2021-04-24,36,4324,21,3214,15,1037,0,73,26,853,10,1782,26,2635,Not in California
Unknown,2021-04-25,23,4347,9,3223,14,1051,0,73,12,854,11,1793,12,2647,Not in California
Unknown,2021-04-26,18,4365,12,3235,6,1057,0,73,6,848,12,1805,6,2653,Not in California
Unknown,2021-04-27,24,4389,9,3244,15,1072,0,73,7,838,17,1822,7,2660,Not in California
Unknown,2021-04-28,60,4449,47,3291,12,1084,1,74,40,859,20,1842,41,2701,Not in California
Unknown,2021-04-29,335,4784,177,3468,125,1209,33,107,260,1077,75,1917,293,2994,Not in California
Unknown,2021-04-30,3,4787,1,3469,1,1210,1,108,2,1079,1,1918,3,2997,Not in California
Alameda,2020-12-15,36,36,36,36,0,0,0,0,36,36,0,0,36,36,California
Alameda,2020-12-16,203,239,203,239,0,0,0,0,203,239,0,0,203,239,California
Alameda,2020-12-17,396,635,396,635,0,0,0,0,396,635,0,0,396,635,California
Alameda,2020-12-18,1769,2404,1769,2404,0,0,0,0,1769,2404,0,0,1769,2404,California
Alameda,2020-12-19,1355,3759,1355,3759,0,0,0,0,1355,3759,0,0,1355,3759,California
Alameda,2020-12-20,1158,4917,1157,4916,1,1,0,0,1157,4915,1,1,1157,4916,California
Alameda,2020-12-21,1862,6779,1860,6776,2,3,0,0,1861,6776,0,1,1861,6777,California
Alameda,2020-12-22,2099,8878,2047,8823,52,55,0,0,2099,8875,0,1,2099,8876,California
Alameda,2020-12-23,1940,10818,1682,10505,258,313,0,0,1940,10815,0,1,1940,10816,California
Alameda,2020-12-24,1219,12037,759,11264,460,773,0,0,1219,12034,0,1,1219,12035,California
Alameda,2020-12-25,165,12202,128,11392,37,810,0,0,165,12199,0,1,165,12200,California
Alameda,2020-12-26,868,13070,324,11716,544,1354,0,0,868,13067,0,1,868,13068,California
Alameda,2020-12-27,499,13569,256,11972,243,1597,0,0,499,13566,0,1,499,13567,California
Alameda,2020-12-28,1884,15453,958,12930,926,2523,0,0,1884,15450,0,1,1884,15451,California
Alameda,2020-12-29,2428,17881,1023,13953,1405,3928,0,0,2427,17877,0,1,2427,17878,California
Alameda,2020-12-30,3124,21005,1361,15314,1763,5691,0,0,3126,21003,0,1,3126,21004,California
Alameda,2020-12-31,1793,22798,441,15755,1352,7043,0,0,1791,22793,1,2,1791,22795,California
Alameda,2021-01-01,171,22969,70,15825,101,7144,0,0,170,22962,1,3,170,22965,California
Alameda,2021-01-02,721,23690,522,16347,199,7343,0,0,720,23682,0,3,720,23685,California
Alameda,2021-01-03,341,24031,220,16567,121,7464,0,0,338,24017,3,6,338,24023,California
Alameda,2021-01-04,1649,25680,945,17512,704,8168,0,0,1637,25643,11,17,1637,25660,California
Alameda,2021-01-05,2205,27885,1265,18777,940,9108,0,0,1969,27379,233,250,1969,27629,California
Alameda,2021-01-06,3247,31132,1780,20557,1467,10575,0,0,2430,28997,814,1064,2432,30061,California
Alameda,2021-01-07,3773,34905,2111,22668,1662,12237,0,0,2686,30609,1078,2142,2690,32751,California
Alameda,2021-01-08,4726,39631,2698,25366,2028,14265,0,0,3102,32095,1620,3762,3106,35857,California
Alameda,2021-01-09,2034,41665,1389,26755,645,14910,0,0,1174,32409,860,4622,1174,37031,California
Alameda,2021-01-10,1064,42729,845,27600,219,15129,0,0,426,32196,639,5261,426,37457,California
Alameda,2021-01-11,4641,47370,3511,31111,1130,16259,0,0,2848,33259,1792,7053,2855,40312,California
Alameda,2021-01-12,4829,52199,3250,34361,1579,17838,0,0,3437,35308,1391,8444,3440,43752,California
Alameda,2021-01-13,5034,57233,2661,37022,2373,20211,0,0,3846,37971,1184,9628,3847,47599,California
Alameda,2021-01-14,5606,62839,2741,39763,2865,23076,0,0,4720,41817,877,10505,4723,52322,California
Alameda,2021-01-15,5834,68673,2311,42074,3523,26599,0,0,5068,46129,759,11264,5071,57393,California
Alameda,2021-01-16,3006,71679,1408,43482,1598,28197,0,0,2738,48600,268,11532,2739,60132,California
Alameda,2021-01-17,1867,73546,1083,44565,784,28981,0,0,1660,50055,206,11738,1661,61793,California
Alameda,2021-01-18,3198,76744,2054,46619,1144,30125,0,0,2604,52074,590,12328,2609,64402,California
Alameda,2021-01-19,5524,82268,3329,49948,2195,32320,0,0,4335,55224,1187,13515,4337,68739,California
Alameda,2021-01-20,6696,88964,4031,53979,2665,34985,0,0,5399,59342,1285,14800,5403,74142,California
Alameda,2021-01-21,7765,96729,3398,57377,4367,39352,0,0,6933,65454,826,15626,6938,81080,California
Alameda,2021-01-22,6841,103570,2034,59411,4807,44159,0,0,5703,70028,1131,16757,5705,86785,California
Alameda,2021-01-23,3287,106857,946,60357,2341,46500,0,0,2734,72211,553,17310,2736,89521,California
Alameda,2021-01-24,2050,108907,654,61011,1396,47896,0,0,1774,73713,272,17582,1774,91295,California
Alameda,2021-01-25,5222,114129,1987,62998,3235,51131,0,0,3635,75770,1579,19161,3636,94931,California
Alameda,2021-01-26,7245,121374,2287,65285,4958,56089,0,0,5385,79303,1853,21014,5386,100317,California
Alameda,2021-01-27,6669,128043,2076,67361,4593,60682,0,0,4821,82290,1834,22848,4821,105138,California
Alameda,2021-01-28,7888,135931,2546,69907,5342,66024,0,0,5647,85713,2225,25073,5648,110786,California
Alameda,2021-01-29,7922,143853,3182,73089,4740,70764,0,0,6100,90002,1812,26885,6101,116887,California
Alameda,2021-01-30,3418,147271,1672,74761,1746,72510,0,0,2714,92018,698,27583,2714,119601,California
Alameda,2021-01-31,1904,149175,963,75724,941,73451,0,0,1660,93437,241,27824,1660,121261,California
Alameda,2021-02-01,5961,155136,3357,79081,2604,76055,0,0,4323,96129,1632,29456,4324,125585,California
Alameda,2021-02-02,7466,162602,4251,83332,3215,79270,0,0,4669,98011,2787,32243,4669,130254,California
Alameda,2021-02-03,7082,169684,3729,87061,3353,82623,0,0,4408,99756,2668,34911,4413,134667,California
Alameda,2021-02-04,9501,179185,4127,91188,5374,87997,0,0,6445,103169,3037,37948,6450,141117,California
Alameda,2021-02-05,10331,189516,5391,96579,4940,92937,0,0,6464,105778,3861,41809,6470,147587,California
Alameda,2021-02-06,6994,196510,4434,101013,2560,95497,0,0,5874,110532,1120,42929,5874,153461,California
Alameda,2021-02-07,3580,200090,2892,103905,688,96185,0,0,2640,112236,937,43866,2641,156102,California
Alameda,2021-02-08,8092,208182,5786,109691,2306,98491,0,0,5541,115239,2540,46406,5543,161645,California
Alameda,2021-02-09,9710,217892,5860,115551,3850,102341,0,0,6062,117661,3642,50048,6064,167709,California
Alameda,2021-02-10,11454,229346,6772,122323,4682,107023,0,0,6633,119498,4804,54852,6641,174350,California
Alameda,2021-02-11,13936,243282,7988,130311,5948,112971,0,0,8379,122340,5540,60392,8382,182732,California
Alameda,2021-02-12,12527,255809,5693,136004,6834,119805,0,0,7752,125334,4761,65153,7755,190487,California
Alameda,2021-02-13,7808,263617,4066,140070,3742,123547,0,0,5846,129224,1958,67111,5848,196335,California
Alameda,2021-02-14,4025,267642,2534,142604,1491,125038,0,0,2867,130938,1155,68266,2869,199204,California
Alameda,2021-02-15,5712,273354,3223,145827,2489,127527,0,0,3700,132633,2008,70274,3703,202907,California
Alameda,2021-02-16,12533,285887,6955,152782,5578,133105,0,0,9319,138753,3204,73478,9324,212231,California
Alameda,2021-02-17,14102,299989,8355,161137,5747,138852,0,0,10483,145637,3601,77079,10485,222716,California
Alameda,2021-02-18,15860,315849,10062,171199,5798,144650,0,0,11512,152813,4342,81421,11518,234234,California
Alameda,2021-02-19,17644,333493,11441,182640,6203,150853,0,0,11694,158583,5928,87349,11698,245932,California
Alameda,2021-02-20,11862,345355,9611,192251,2251,153104,0,0,9144,165017,2715,90064,9149,255081,California
Alameda,2021-02-21,6200,351555,5268,197519,932,154036,0,0,3746,166319,2444,92508,3746,258827,California
Alameda,2021-02-22,10705,362260,7925,205444,2780,156816,0,0,6747,169132,3944,96452,6757,265584,California
Alameda,2021-02-23,12721,374981,7721,213165,5000,161816,0,0,7918,172263,4794,101246,7925,273509,California
Alameda,2021-02-24,14654,389635,8204,221369,6450,168266,0,0,9502,176680,5091,106337,9508,283017,California
Alameda,2021-02-25,15611,405246,9119,230488,6492,174758,0,0,9945,180997,5634,111971,9951,292968,California
Alameda,2021-02-26,18100,423346,10639,241127,7461,182219,0,0,11706,186354,6353,118324,11710,304678,California
Alameda,2021-02-27,14703,438049,10810,251937,3891,186110,2,2,9108,189893,5573,123897,9112,313790,California
Alameda,2021-02-28,9142,447191,7703,259640,1439,187549,0,2,6070,192913,3051,126948,6071,319861,California
Alameda,2021-03-01,13229,460420,9185,268825,4040,191589,4,6,8205,196149,4979,131927,8215,328076,California
Alameda,2021-03-02,13818,474238,9602,278427,4216,195805,0,6,8881,200119,4918,136845,8888,336964,California
Alameda,2021-03-03,15386,489624,9986,288413,5399,201204,1,7,10481,205725,4878,141723,10484,347448,California
Alameda,2021-03-04,17291,506915,11057,299470,6233,207437,1,8,10869,210208,6387,148110,10870,358318,California
Alameda,2021-03-05,15853,522768,10237,309707,5607,213044,9,17,10633,215676,5180,153290,10648,368966,California
Alameda,2021-03-06,14232,537000,9962,319669,4011,217055,259,276,9346,220440,4843,158133,9607,378573,California
Alameda,2021-03-07,9295,546295,8079,327748,1135,218190,81,357,6577,224407,2693,160826,6660,385233,California
Alameda,2021-03-08,11636,557931,7157,334905,4101,222291,378,735,8655,230508,2932,163758,9033,394266,California
Alameda,2021-03-09,11372,569303,7021,341926,3922,226213,429,1164,6285,232171,5053,168811,6716,400982,California
Alameda,2021-03-10,16662,585965,11317,353243,4787,231000,558,1722,7548,231183,9090,177901,8102,409084,California
Alameda,2021-03-11,19758,605723,11555,364798,6498,237498,1705,3427,6766,226688,12963,190864,8468,417552,California
Alameda,2021-03-12,21141,626864,12315,377113,7176,244674,1650,5077,7467,222147,13651,204515,9110,426662,California
Alameda,2021-03-13,15834,642698,10103,387216,4751,249425,980,6057,5108,217540,10693,215208,6086,432748,California
Alameda,2021-03-14,10691,653389,7811,395027,2095,251520,785,6842,4655,216954,6019,221227,5433,438181,California
Alameda,2021-03-15,14304,667693,9323,404350,4464,255984,517,7359,6362,215916,7914,229141,6876,445057,California
Alameda,2021-03-16,17155,684848,11103,415453,5519,261503,533,7892,7559,214464,9545,238686,8093,453150,California
Alameda,2021-03-17,17355,702203,9773,425226,6890,268393,692,8584,8169,214173,9152,247838,8861,462011,California
Alameda,2021-03-18,19037,721240,10316,435542,7845,276238,876,9460,8764,213571,10246,258084,9644,471655,California
Alameda,2021-03-19,19087,740327,10331,445873,6970,283208,1786,11246,7647,211606,11392,269476,9427,481082,California
Alameda,2021-03-20,15611,755938,10187,456060,4605,287813,819,12065,6536,209910,9047,278523,7351,488433,California
Alameda,2021-03-21,9053,764991,7096,463156,1426,289239,531,12596,3773,208944,5271,283794,4305,492738,California
Alameda,2021-03-22,14875,779866,9995,473151,3904,293143,976,13572,7180,209424,7673,291467,8153,500891,California
Alameda,2021-03-23,19081,798947,11501,484652,6788,299931,792,14364,10708,212599,8330,299797,11505,512396,California
Alameda,2021-03-24,18960,817907,11396,496048,6573,306504,991,15355,8593,211866,10308,310105,9575,521971,California
Alameda,2021-03-25,20328,838235,11219,507267,7729,314233,1380,16735,9555,212081,10709,320814,10924,532895,California
Alameda,2021-03-26,20647,858882,12365,519632,6752,320985,1530,18265,8858,210715,11745,332559,10379,543274,California
Alameda,2021-03-27,18162,877044,12318,531950,4887,325872,957,19222,7838,209212,10279,342838,8776,552050,California
Alameda,2021-03-28,10426,887470,8442,540392,1781,327653,203,19425,3832,206672,6581,349419,4041,556091,California
Alameda,2021-03-29,14579,902049,9279,549671,4306,331959,994,20419,6277,205675,8268,357687,7271,563362,California
Alameda,2021-03-30,18433,920482,9670,559341,7072,339031,1691,22110,10828,210613,7576,365263,12514,575876,California
Alameda,2021-03-31,19215,939697,10111,569452,7040,346071,2064,24174,9530,212540,9661,374924,11588,587464,California
Alameda,2021-04-01,22993,962690,9949,579401,7556,353627,5488,29662,10977,217009,11989,386913,16458,603922,California
Alameda,2021-04-02,23775,986465,9864,589265,8236,361863,5675,35337,11552,222033,12190,399103,17214,621136,California
Alameda,2021-04-03,20057,1006522,9720,598985,5650,367513,4687,40024,10265,227211,9773,408876,14951,636087,California
Alameda,2021-04-04,9918,1016440,3959,602944,2278,369791,3681,43705,3514,228007,6394,415270,7190,643277,California
Alameda,2021-04-05,17703,1034143,7438,610382,5503,375294,4762,48467,7201,229485,10484,425754,11962,655239,California
Alameda,2021-04-06,22073,1056216,10614,620996,5645,380939,5814,54281,10021,233294,12020,437774,15829,671068,California
Alameda,2021-04-07,22391,1078607,11475,632471,5485,386424,5431,59712,11361,239088,10990,448764,16784,687852,California
Alameda,2021-04-08,25309,1103916,11436,643907,5936,392360,7937,67649,10788,243358,14451,463215,18721,706573,California
Alameda,2021-04-09,23111,1127027,10489,654396,7438,399798,5184,72833,11900,249263,11180,474395,17085,723658,California
Alameda,2021-04-10,18771,1145798,7379,661775,5579,405377,5813,78646,8140,252595,10611,485006,13943,737601,California
Alameda,2021-04-11,10961,1156759,4762,666537,2265,407642,3934,82580,4477,254529,6467,491473,8401,746002,California
Alameda,2021-04-12,17775,1174534,11666,678203,4285,411927,1824,84404,10080,258764,7666,499139,11901,757903,California
Alameda,2021-04-13,23010,1197544,14618,692821,8338,420265,54,84458,16979,269817,5989,505128,17042,774945,California
Alameda,2021-04-14,22997,1220541,15187,708008,7808,428073,2,84460,15609,278076,7357,512485,15616,790561,California
Alameda,2021-04-15,23710,1244251,15183,723191,8525,436598,2,84462,15738,285898,7926,520411,15748,806309,California
Alameda,2021-04-16,24245,1268496,14322,737513,9918,446516,5,84467,15647,293013,8547,528958,15662,821971,California
Alameda,2021-04-17,20672,1289168,14254,751767,6418,452934,0,84467,14251,300885,6393,535351,14265,836236,California
Alameda,2021-04-18,9878,1299046,7544,759311,2334,455268,0,84467,6846,304731,3005,538356,6851,843087,California
Alameda,2021-04-19,15442,1314488,9639,768950,5803,461071,0,84467,8953,307233,6461,544817,8963,852050,California
Alameda,2021-04-20,18073,1332561,11035,779985,7037,468108,1,84468,9913,309047,8120,552937,9934,861984,California
Alameda,2021-04-21,19073,1351634,11168,791153,7900,476008,5,84473,11127,312305,7894,560831,11152,873136,California
Alameda,2021-04-22,21172,1372806,13698,804851,7471,483479,3,84476,11238,313682,9890,570721,11267,884403,California
Alameda,2021-04-23,21440,1394246,13988,818839,7452,490931,0,84476,12009,316331,9384,580105,12033,896436,California
Alameda,2021-04-24,18816,1413062,14254,833093,4555,495486,7,84483,9918,317403,8863,588968,9935,906371,California
Alameda,2021-04-25,8664,1421726,6720,839813,1944,497430,0,84483,5586,319935,3064,592032,5596,911967,California
Alameda,2021-04-26,13058,1434784,9025,848838,4013,501443,20,84503,8144,323218,4891,596923,8174,920141,California
Alameda,2021-04-27,15010,1449794,8822,857660,5884,507327,304,84807,7066,322709,7903,604826,7394,927535,California
Alameda,2021-04-28,15020,1464814,9329,866989,5232,512559,459,85266,5643,319478,9345,614171,6114,933649,California
Alameda,2021-04-29,12351,1477165,7449,874438,4612,517171,290,85556,4385,316236,7935,622106,4693,938342,California
Alameda,2021-04-30,14478,1491643,8753,883191,5663,522834,62,85618,5559,313012,8875,630981,5651,943993,California
Alpine,2020-12-18,2,2,2,2,0,0,0,0,2,2,0,0,2,2,California
Alpine,2020-12-19,2,4,2,4,0,0,0,0,2,4,0,0,2,4,California
Alpine,2020-12-21,2,6,2,6,0,0,0,0,2,6,0,0,2,6,California
Alpine,2020-12-30,14,20,0,6,14,14,0,0,14,20,0,0,14,20,California
Alpine,2020-12-31,1,21,0,6,1,15,0,0,1,21,0,0,1,21,California
Alpine,2021-01-01,1,22,0,6,1,16,0,0,1,22,0,0,1,22,California
Alpine,2021-01-02,1,23,1,7,0,16,0,0,1,23,0,0,1,23,California
Alpine,2021-01-04,10,33,0,7,10,26,0,0,10,33,0,0,10,33,California
Alpine,2021-01-05,9,42,1,8,8,34,0,0,9,42,0,0,9,42,California
Alpine,2021-01-06,31,73,0,8,31,65,0,0,31,73,0,0,31,73,California
Alpine,2021-01-07,8,81,0,8,8,73,0,0,8,81,0,0,8,81,California
Alpine,2021-01-08,4,85,2,10,2,75,0,0,2,81,2,2,2,83,California
Alpine,2021-01-09,2,87,2,12,0,75,0,0,0,79,2,4,0,83,California
Alpine,2021-01-11,32,119,1,13,31,106,0,0,31,109,1,5,31,114,California
Alpine,2021-01-13,35,154,0,13,35,141,0,0,35,144,0,5,35,149,California
Alpine,2021-01-14,1,155,0,13,1,142,0,0,1,145,0,5,1,150,California
Alpine,2021-01-15,1,156,0,13,1,143,0,0,1,146,0,5,1,151,California
Alpine,2021-01-20,21,177,0,13,21,164,0,0,21,167,0,5,21,172,California
Alpine,2021-01-21,1,178,0,13,1,165,0,0,1,168,0,5,1,173,California
Alpine,2021-01-22,32,210,0,13,32,197,0,0,32,200,0,5,32,205,California
Alpine,2021-01-23,1,211,1,14,0,197,0,0,0,199,1,6,0,205,California
Alpine,2021-01-25,16,227,0,14,16,213,0,0,16,215,0,6,16,221,California
Alpine,2021-01-27,1,228,1,15,0,213,0,0,0,214,1,7,0,221,California
Alpine,2021-01-28,1,229,0,15,1,214,0,0,0,213,1,8,0,221,California
Alpine,2021-01-29,1,230,0,15,1,215,0,0,1,214,0,8,1,222,California
Alpine,2021-02-01,25,255,0,15,25,240,0,0,7,203,18,26,7,229,California
Alpine,2021-02-03,34,289,0,15,34,274,0,0,10,189,24,50,10,239,California
Alpine,2021-02-04,8,297,0,15,8,282,0,0,3,187,5,55,3,242,California
Alpine,2021-02-05,31,328,0,15,31,313,0,0,12,180,19,74,12,254,California
Alpine,2021-02-06,1,329,1,16,0,313,0,0,1,181,0,74,1,255,California
Alpine,2021-02-07,1,330,1,17,0,313,0,0,1,182,0,74,1,256,California
Alpine,2021-02-08,32,362,0,17,32,345,0,0,4,158,28,102,4,260,California
Alpine,2021-02-10,34,396,0,17,34,379,0,0,0,124,34,136,0,260,California
Alpine,2021-02-11,6,402,0,17,6,385,0,0,3,124,3,139,3,263,California
Alpine,2021-02-12,1,403,0,17,1,386,0,0,0,123,1,140,0,263,California
Alpine,2021-02-17,23,426,0,17,23,409,0,0,3,106,20,160,3,266,California
Alpine,2021-02-18,2,428,0,17,2,411,0,0,1,106,1,161,1,267,California
Alpine,2021-02-19,34,462,1,18,33,444,0,0,2,76,32,193,2,269,California
Alpine,2021-02-22,27,489,0,18,27,471,0,0,8,65,19,212,8,277,California
Alpine,2021-02-24,1,490,1,19,0,471,0,0,1,66,0,212,1,278,California
Alpine,2021-02-25,6,496,1,20,5,476,0,0,6,72,0,212,6,284,California
Alpine,2021-02-26,29,525,1,21,28,504,0,0,28,99,1,213,28,312,California
Alpine,2021-02-27,1,526,0,21,1,505,0,0,1,100,0,213,1,313,California
Alpine,2021-03-01,35,561,0,21,35,540,0,0,25,115,10,223,25,338,California
Alpine,2021-03-02,1,562,1,22,0,540,0,0,0,114,1,224,0,338,California
Alpine,2021-03-03,30,592,1,23,29,569,0,0,18,120,12,236,18,356,California
Alpine,2021-03-04,11,603,1,24,10,579,0,0,11,131,0,236,11,367,California
Alpine,2021-03-05,30,633,0,24,30,609,0,0,22,145,8,244,22,389,California
Alpine,2021-03-08,31,664,0,24,31,640,0,0,29,172,2,246,29,418,California
Alpine,2021-03-10,73,737,0,24,73,713,0,0,73,245,0,246,73,491,California
Alpine,2021-03-11,36,773,0,24,36,749,0,0,32,273,4,250,32,523,California
Alpine,2021-03-12,19,792,0,24,19,768,0,0,17,288,2,252,17,540,California
Alpine,2021-03-15,21,813,1,25,20,788,0,0,20,307,1,253,20,560,California
Alpine,2021-03-17,23,836,0,25,22,810,1,1,19,323,4,257,20,580,California
Alpine,2021-03-18,38,874,3,28,35,845,0,1,35,355,3,260,35,615,California
Alpine,2021-03-19,2,876,1,29,1,846,0,1,1,355,1,261,1,616,California
Alpine,2021-03-22,24,900,0,29,24,870,0,1,15,361,9,270,15,631,California
Alpine,2021-03-24,19,919,0,29,19,889,0,1,9,360,10,280,9,640,California
Alpine,2021-03-25,35,954,1,30,33,922,1,2,28,382,7,287,29,669,California
Alpine,2021-03-27,1,955,0,30,1,923,0,2,0,381,1,288,0,669,California
Alpine,2021-03-28,1,956,1,31,0,923,0,2,1,382,0,288,1,670,California
Alpine,2021-03-29,19,975,0,31,18,941,1,3,2,368,17,305,3,673,California
Alpine,2021-04-01,16,991,0,31,16,957,0,3,7,366,9,314,7,680,California
Alpine,2021-04-02,100,1091,1,32,99,1056,0,3,46,359,53,367,46,726,California
Alpine,2021-04-05,4,1095,1,33,3,1059,0,3,0,355,4,371,0,726,California
Alpine,2021-04-06,3,1098,2,35,1,1060,0,3,2,356,1,372,2,728,California
Alpine,2021-04-07,116,1214,0,35,115,1175,1,4,29,300,86,458,30,758,California
Alpine,2021-04-08,38,1252,0,35,36,1211,2,6,10,284,28,486,12,770,California
Alpine,2021-04-09,1,1253,0,35,1,1212,0,6,1,285,0,486,1,771,California
Alpine,2021-04-14,47,1300,0,35,47,1259,0,6,10,258,37,523,10,781,California
Alpine,2021-04-15,35,1335,0,35,35,1294,0,6,3,229,32,555,3,784,California
Alpine,2021-04-16,1,1336,0,35,1,1295,0,6,1,230,0,555,1,785,California
Alpine,2021-04-19,1,1337,0,35,1,1296,0,6,1,231,0,555,1,786,California
Alpine,2021-04-21,31,1368,0,35,31,1327,0,6,15,230,16,571,15,801,California
Alpine,2021-04-22,24,1392,0,35,24,1351,0,6,1,208,23,594,1,802,California
Alpine,2021-04-24,2,1394,2,37,0,1351,0,6,0,207,2,596,1,803,California
Alpine,2021-04-25,1,1395,1,38,0,1351,0,6,0,206,1,597,0,803,California
Alpine,2021-04-27,2,1397,1,39,1,1352,0,6,1,206,1,598,1,804,California
Alpine,2021-04-28,36,1433,0,39,36,1388,0,6,6,182,30,628,6,810,California
Alpine,2021-04-29,6,1439,1,40,5,1393,0,6,2,180,4,632,2,812,California
Alpine,2021-04-30,2,1441,1,41,0,1393,1,7,1,181,1,633,2,814,California
Amador,2020-12-16,2,2,2,2,0,0,0,0,2,2,0,0,2,2,California
Amador,2020-12-17,5,7,5,7,0,0,0,0,5,7,0,0,5,7,California
Amador,2020-12-18,45,52,45,52,0,0,0,0,45,52,0,0,45,52,California
Amador,2020-12-19,17,69,17,69,0,0,0,0,17,69,0,0,17,69,California
Amador,2020-12-20,4,73,4,73,0,0,0,0,4,73,0,0,4,73,California
Amador,2020-12-21,31,104,31,104,0,0,0,0,31,104,0,0,31,104,California
Amador,2020-12-22,35,139,34,138,1,1,0,0,35,139,0,0,35,139,California
Amador,2020-12-23,39,178,38,176,1,2,0,0,39,178,0,0,39,178,California
Amador,2020-12-24,5,183,3,179,2,4,0,0,5,183,0,0,5,183,California
Amador,2020-12-26,5,188,4,183,1,5,0,0,5,188,0,0,5,188,California
Amador,2020-12-27,1,189,0,183,1,6,0,0,1,189,0,0,1,189,California
Amador,2020-12-28,31,220,27,210,4,10,0,0,31,220,0,0,31,220,California
Amador,2020-12-29,26,246,19,229,7,17,0,0,26,246,0,0,26,246,California
Amador,2020-12-30,124,370,78,307,46,63,0,0,124,370,0,0,124,370,California
Amador,2020-12-31,191,561,166,473,25,88,0,0,191,561,0,0,191,561,California
Amador,2021-01-01,2,563,0,473,2,90,0,0,2,563,0,0,2,563,California
Amador,2021-01-02,56,619,56,529,0,90,0,0,56,619,0,0,56,619,California
Amador,2021-01-03,65,684,17,546,48,138,0,0,65,684,0,0,65,684,California
Amador,2021-01-04,124,808,1,547,123,261,0,0,124,808,0,0,124,808,California
Amador,2021-01-05,33,841,3,550,30,291,0,0,31,838,2,2,32,840,California
Amador,2021-01-06,40,881,10,560,30,321,0,0,36,870,4,6,36,876,California
Amador,2021-01-07,227,1108,68,628,159,480,0,0,215,1073,12,18,215,1091,California
Amador,2021-01-08,84,1192,70,698,14,494,0,0,40,1070,44,62,41,1132,California
Amador,2021-01-09,11,1203,11,709,0,494,0,0,2,1063,9,71,2,1134,California
Amador,2021-01-10,6,1209,4,713,2,496,0,0,2,1061,4,75,2,1136,California
Amador,2021-01-11,124,1333,44,757,80,576,0,0,88,1114,36,111,89,1225,California
Amador,2021-01-12,64,1397,49,806,15,591,0,0,40,1130,24,135,40,1265,California
Amador,2021-01-13,38,1435,23,829,15,606,0,0,26,1144,12,147,26,1291,California
Amador,2021-01-14,146,1581,20,849,126,732,0,0,136,1270,10,157,136,1427,California
Amador,2021-01-15,55,1636,24,873,31,763,0,0,48,1311,7,164,48,1475,California
Amador,2021-01-16,19,1655,12,885,7,770,0,0,13,1319,6,170,14,1489,California
Amador,2021-01-17,25,1680,5,890,20,790,0,0,25,1344,0,170,25,1514,California
Amador,2021-01-18,32,1712,28,918,4,794,0,0,10,1332,22,192,10,1524,California
Amador,2021-01-19,121,1833,96,1014,25,819,0,0,77,1365,44,236,77,1601,California
Amador,2021-01-20,184,2017,34,1048,150,969,0,0,168,1518,15,251,168,1769,California
Amador,2021-01-21,253,2270,222,1270,31,1000,0,0,144,1554,109,360,145,1914,California
Amador,2021-01-22,134,2404,72,1342,62,1062,0,0,127,1674,7,367,127,2041,California
Amador,2021-01-23,52,2456,32,1374,20,1082,0,0,50,1722,2,369,50,2091,California
Amador,2021-01-24,28,2484,12,1386,16,1098,0,0,25,1744,3,372,25,2116,California
Amador,2021-01-25,59,2543,28,1414,31,1129,0,0,42,1769,17,389,42,2158,California
Amador,2021-01-26,244,2787,16,1430,228,1357,0,0,234,1993,10,399,234,2392,California
Amador,2021-01-27,296,3083,30,1460,266,1623,0,0,249,2198,45,444,250,2642,California
Amador,2021-01-28,346,3429,76,1536,270,1893,0,0,285,2423,61,505,286,2928,California
Amador,2021-01-29,96,3525,31,1567,65,1958,0,0,81,2489,15,520,81,3009,California
Amador,2021-01-30,168,3693,34,1601,134,2092,0,0,163,2647,5,525,163,3172,California
Amador,2021-01-31,32,3725,28,1629,4,2096,0,0,31,2677,1,526,31,3203,California
Amador,2021-02-01,63,3788,23,1652,40,2136,0,0,36,2686,27,553,36,3239,California
Amador,2021-02-02,211,3999,63,1715,148,2284,0,0,126,2730,82,635,126,3365,California
Amador,2021-02-03,141,4140,38,1753,103,2387,0,0,90,2770,50,685,90,3455,California
Amador,2021-02-04,249,4389,73,1826,176,2563,0,0,164,2851,85,770,166,3621,California
Amador,2021-02-05,331,4720,63,1889,268,2831,0,0,315,3150,16,786,315,3936,California
Amador,2021-02-06,99,4819,80,1969,19,2850,0,0,95,3241,4,790,95,4031,California
Amador,2021-02-07,38,4857,35,2004,3,2853,0,0,35,3273,3,793,35,4066,California
Amador,2021-02-08,90,4947,62,2066,28,2881,0,0,73,3329,17,810,73,4139,California
Amador,2021-02-09,175,5122,83,2149,92,2973,0,0,110,3374,65,875,110,4249,California
Amador,2021-02-10,976,6098,80,2229,896,3869,0,0,943,4284,33,908,943,5192,California
Amador,2021-02-11,307,6405,119,2348,188,4057,0,0,201,4380,105,1013,201,5393,California
Amador,2021-02-12,326,6731,119,2467,207,4264,0,0,254,4562,72,1085,254,5647,California
Amador,2021-02-13,165,6896,81,2548,84,4348,0,0,139,4675,26,1111,139,5786,California
Amador,2021-02-14,124,7020,54,2602,70,4418,0,0,107,4765,17,1128,107,5893,California
Amador,2021-02-15,185,7205,60,2662,125,4543,0,0,168,4917,16,1144,168,6061,California
Amador,2021-02-16,464,7669,53,2715,411,4954,0,0,425,5304,39,1183,426,6487,California
Amador,2021-02-17,259,7928,80,2795,179,5133,0,0,163,5371,96,1279,163,6650,California
Amador,2021-02-18,398,8326,99,2894,299,5432,0,0,336,5646,62,1341,337,6987,California
Amador,2021-02-19,194,8520,77,2971,117,5549,0,0,111,5674,83,1424,111,7098,California
Amador,2021-02-20,92,8612,30,3001,62,5611,0,0,64,5710,28,1452,64,7162,California
Amador,2021-02-21,45,8657,34,3035,11,5622,0,0,15,5695,30,1482,15,7177,California
Amador,2021-02-22,63,8720,24,3059,39,5661,0,0,32,5697,30,1512,32,7209,California
Amador,2021-02-23,318,9038,54,3113,264,5925,0,0,138,5656,180,1692,139,7348,California
Amador,2021-02-24,393,9431,56,3169,337,6262,0,0,263,5793,126,1818,263,7611,California
Amador,2021-02-25,521,9952,116,3285,405,6667,0,0,280,5833,240,2058,280,7891,California
Amador,2021-02-26,608,10560,75,3360,533,7200,0,0,503,6232,105,2163,504,8395,California
Amador,2021-02-27,288,10848,91,3451,197,7397,0,0,100,6147,187,2350,102,8497,California
Amador,2021-02-28,102,10950,52,3503,50,7447,0,0,56,6160,46,2396,59,8556,California
Amador,2021-03-01,188,11138,66,3569,122,7569,0,0,119,6211,69,2465,120,8676,California
Amador,2021-03-02,379,11517,63,3632,316,7885,0,0,329,6491,50,2515,330,9006,California
Amador,2021-03-03,242,11759,79,3711,163,8048,0,0,167,6585,74,2589,168,9174,California
Amador,2021-03-04,496,12255,117,3828,379,8427,0,0,393,6875,103,2692,393,9567,California
Amador,2021-03-05,511,12766,77,3905,434,8861,0,0,293,6953,217,2909,295,9862,California
Amador,2021-03-06,99,12865,45,3950,53,8914,1,1,54,6963,45,2954,55,9917,California
Amador,2021-03-07,63,12928,42,3992,21,8935,0,1,20,6940,43,2997,20,9937,California
Amador,2021-03-08,152,13080,71,4063,80,9015,1,2,91,6971,61,3058,92,10029,California
Amador,2021-03-09,370,13450,50,4113,320,9335,0,2,292,7188,75,3133,292,10321,California
Amador,2021-03-10,508,13958,74,4187,432,9767,2,4,111,6905,397,3530,114,10435,California
Amador,2021-03-11,471,14429,115,4302,345,10112,11,15,299,7047,171,3701,313,10748,California
Amador,2021-03-12,568,14997,65,4367,495,10607,8,23,337,7167,230,3931,350,11098,California
Amador,2021-03-13,114,15111,18,4385,89,10696,7,30,74,7212,40,3971,85,11183,California
Amador,2021-03-14,90,15201,19,4404,68,10764,3,33,21,7167,69,4040,24,11207,California
Amador,2021-03-15,176,15377,25,4429,144,10908,7,40,53,7106,123,4163,62,11269,California
Amador,2021-03-16,447,15824,54,4483,383,11291,10,50,137,6945,308,4471,147,11416,California
Amador,2021-03-17,192,16016,42,4525,147,11438,3,53,116,6989,76,4547,120,11536,California
Amador,2021-03-18,475,16491,98,4623,373,11811,4,57,248,7019,227,4774,257,11793,California
Amador,2021-03-19,540,17031,56,4679,467,12278,17,74,391,7283,147,4921,411,12204,California
Amador,2021-03-20,109,17140,45,4724,63,12341,1,75,46,7270,62,4983,49,12253,California
Amador,2021-03-21,48,17188,36,4760,11,12352,1,76,31,7288,16,4999,34,12287,California
Amador,2021-03-22,113,17301,32,4792,52,12404,29,105,49,7302,64,5063,78,12365,California
Amador,2021-03-23,432,17733,47,4839,377,12781,8,113,275,7429,156,5219,283,12648,California
Amador,2021-03-24,341,18074,35,4874,54,12835,252,365,34,7409,306,5525,286,12934,California
Amador,2021-03-25,598,18672,81,4955,511,13346,6,371,387,7592,210,5735,393,13327,California
Amador,2021-03-26,740,19412,43,4998,691,14037,6,377,284,7431,454,6189,293,13620,California
Amador,2021-03-27,91,19503,14,5012,75,14112,2,379,27,7398,64,6253,31,13651,California
Amador,2021-03-28,68,19571,15,5027,51,14163,2,381,14,7362,53,6306,17,13668,California
Amador,2021-03-29,179,19750,26,5053,152,14315,1,382,81,7353,96,6402,87,13755,California
Amador,2021-03-30,527,20277,27,5080,499,14814,1,383,291,7410,235,6637,292,14047,California
Amador,2021-03-31,199,20476,56,5136,138,14952,5,388,43,7302,156,6793,48,14095,California
Amador,2021-04-01,612,21088,87,5223,525,15477,0,388,263,7220,347,7140,265,14360,California
Amador,2021-04-02,602,21690,35,5258,555,16032,12,400,383,7398,218,7358,396,14756,California
Amador,2021-04-03,82,21772,19,5277,43,16075,20,420,20,7377,62,7420,41,14797,California
Amador,2021-04-04,38,21810,3,5280,29,16104,6,426,15,7375,23,7443,21,14818,California
Amador,2021-04-05,142,21952,51,5331,74,16178,17,443,48,7348,93,7536,66,14884,California
Amador,2021-04-06,504,22456,37,5368,448,16626,19,462,224,7313,278,7814,243,15127,California
Amador,2021-04-07,100,22556,34,5402,47,16673,19,481,44,7322,54,7868,63,15190,California
Amador,2021-04-08,495,23051,83,5485,391,17064,21,502,222,7293,272,8140,243,15433,California
Amador,2021-04-09,485,23536,21,5506,445,17509,19,521,216,7258,268,8408,233,15666,California
Amador,2021-04-10,50,23586,14,5520,27,17536,9,530,22,7261,28,8436,31,15697,California
Amador,2021-04-11,48,23634,23,5543,21,17557,4,534,22,7261,26,8462,26,15723,California
Amador,2021-04-12,98,23732,26,5569,62,17619,10,544,42,7257,56,8518,52,15775,California
Amador,2021-04-13,343,24075,50,5619,293,17912,0,544,68,7051,274,8792,68,15843,California
Amador,2021-04-14,275,24350,26,5645,249,18161,0,544,175,7127,99,8891,175,16018,California
Amador,2021-04-15,329,24679,72,5717,257,18418,0,544,73,6949,251,9142,73,16091,California
Amador,2021-04-16,483,25162,29,5746,454,18872,0,544,385,7238,96,9238,385,16476,California
Amador,2021-04-17,61,25223,35,5781,26,18898,0,544,27,7231,34,9272,27,16503,California
Amador,2021-04-18,25,25248,5,5786,20,18918,0,544,11,7228,14,9286,11,16514,California
Amador,2021-04-19,69,25317,27,5813,42,18960,0,544,31,7224,37,9323,33,16547,California
Amador,2021-04-20,436,25753,54,5867,382,19342,0,544,111,7019,318,9641,113,16660,California
Amador,2021-04-21,85,25838,34,5901,51,19393,0,544,43,7021,41,9682,43,16703,California
Amador,2021-04-22,155,25993,72,5973,82,19475,1,545,68,7007,83,9765,69,16772,California
Amador,2021-04-23,355,26348,44,6017,311,19786,0,545,285,7225,69,9834,287,17059,California
Amador,2021-04-24,45,26393,23,6040,22,19808,0,545,25,7230,20,9854,25,17084,California
Amador,2021-04-25,37,26430,19,6059,18,19826,0,545,25,7243,12,9866,25,17109,California
Amador,2021-04-26,80,26510,25,6084,54,19880,1,546,39,7243,40,9906,40,17149,California
Amador,2021-04-27,481,26991,36,6120,445,20325,0,546,85,6934,394,10300,85,17234,California
Amador,2021-04-28,65,27056,28,6148,34,20359,3,549,38,6948,27,10327,41,17275,California
Amador,2021-04-29,163,27219,19,6167,37,20396,107,656,36,6963,127,10454,142,17417,California
Amador,2021-04-30,61,27280,10,6177,49,20445,2,658,28,6960,33,10487,30,17447,California
Butte,2020-12-16,3,3,3,3,0,0,0,0,3,3,0,0,3,3,California
Butte,2020-12-17,21,24,21,24,0,0,0,0,21,24,0,0,21,24,California
Butte,2020-12-18,50,74,50,74,0,0,0,0,50,74,0,0,50,74,California
Butte,2020-12-19,7,81,7,81,0,0,0,0,7,81,0,0,7,81,California
Butte,2020-12-20,10,91,10,91,0,0,0,0,10,91,0,0,10,91,California
Butte,2020-12-21,634,725,634,725,0,0,0,0,634,725,0,0,634,725,California
Butte,2020-12-22,617,1342,615,1340,2,2,0,0,617,1342,0,0,617,1342,California
Butte,2020-12-23,869,2211,853,2193,16,18,0,0,869,2211,0,0,869,2211,California
Butte,2020-12-24,159,2370,156,2349,3,21,0,0,159,2370,0,0,159,2370,California
Butte,2020-12-26,93,2463,91,2440,2,23,0,0,93,2463,0,0,93,2463,California
Butte,2020-12-27,35,2498,34,2474,1,24,0,0,35,2498,0,0,35,2498,California
Butte,2020-12-28,279,2777,273,2747,6,30,0,0,279,2777,0,0,279,2777,California
Butte,2020-12-29,203,2980,179,2926,24,54,0,0,203,2980,0,0,203,2980,California
Butte,2020-12-30,503,3483,291,3217,212,266,0,0,503,3483,0,0,503,3483,California
Butte,2020-12-31,211,3694,18,3235,193,459,0,0,211,3694,0,0,211,3694,California
Butte,2021-01-01,8,3702,1,3236,7,466,0,0,8,3702,0,0,8,3702,California
Butte,2021-01-02,41,3743,38,3274,3,469,0,0,41,3743,0,0,41,3743,California
Butte,2021-01-03,4,3747,1,3275,3,472,0,0,4,3747,0,0,4,3747,California
Butte,2021-01-04,208,3955,175,3450,33,505,0,0,208,3955,0,0,208,3955,California
Butte,2021-01-05,196,4151,151,3601,45,550,0,0,195,4149,1,1,195,4150,California
Butte,2021-01-06,623,4774,397,3998,226,776,0,0,618,4763,5,6,619,4769,California
Butte,2021-01-07,762,5536,370,4368,392,1168,0,0,742,5485,20,26,742,5511,California
Butte,2021-01-08,656,6192,529,4897,127,1295,0,0,610,6049,46,72,610,6121,California
Butte,2021-01-09,12,6204,7,4904,5,1300,0,0,7,6051,5,77,7,6128,California
Butte,2021-01-10,19,6223,5,4909,14,1314,0,0,14,6060,5,82,14,6142,California
Butte,2021-01-11,985,7208,949,5858,36,1350,0,0,357,5792,628,710,360,6502,California
Butte,2021-01-12,697,7905,652,6510,45,1395,0,0,274,5643,423,1133,274,6776,California
Butte,2021-01-13,1449,9354,955,7465,494,1889,0,0,615,5426,834,1967,617,7393,California
Butte,2021-01-14,1637,10991,896,8361,741,2630,0,0,1440,6670,196,2163,1440,8833,California
Butte,2021-01-15,1168,12159,926,9287,242,2872,0,0,1059,7619,110,2273,1059,9892,California
Butte,2021-01-16,586,12745,300,9587,286,3158,0,0,541,8115,45,2318,541,10433,California
Butte,2021-01-17,239,12984,64,9651,175,3333,0,0,202,8280,37,2355,202,10635,California
Butte,2021-01-18,342,13326,301,9952,41,3374,0,0,275,8489,66,2421,275,10910,California
Butte,2021-01-19,494,13820,429,10381,65,3439,0,0,221,8437,273,2694,221,11131,California
Butte,2021-01-20,1346,15166,665,11046,681,4120,0,0,1043,9177,303,2997,1043,12174,California
Butte,2021-01-21,1474,16640,866,11912,608,4728,0,0,1366,10436,107,3104,1366,13540,California
Butte,2021-01-22,1111,17751,452,12364,659,5387,0,0,1058,11441,53,3157,1058,14598,California
Butte,2021-01-23,127,17878,85,12449,42,5429,0,0,101,11516,26,3183,101,14699,California
Butte,2021-01-24,9,17887,7,12456,2,5431,0,0,9,11525,0,3183,9,14708,California
Butte,2021-01-25,656,18543,336,12792,320,5751,0,0,493,11855,163,3346,493,15201,California
Butte,2021-01-26,1467,20010,377,13169,1090,6841,0,0,1330,13048,137,3483,1330,16531,California
Butte,2021-01-27,2081,22091,705,13874,1376,8217,0,0,1362,13692,718,4201,1362,17893,California
Butte,2021-01-28,2263,24354,262,14136,2001,10218,0,0,1952,15334,310,4511,1952,19845,California
Butte,2021-01-29,1686,26040,488,14624,1198,11416,0,0,1307,16263,378,4889,1307,21152,California
Butte,2021-01-30,32,26072,9,14633,23,11439,0,0,29,16289,3,4892,29,21181,California
Butte,2021-01-31,17,26089,15,14648,2,11441,0,0,16,16304,1,4893,16,21197,California
Butte,2021-02-01,1747,27836,406,15054,1341,12782,0,0,1359,17277,386,5279,1359,22556,California
Butte,2021-02-02,1930,29766,362,15416,1568,14350,0,0,1627,18600,304,5583,1627,24183,California
Butte,2021-02-03,2733,32499,772,16188,1961,16311,0,0,1843,19555,888,6471,1843,26026,California
Butte,2021-02-04,2959,35458,327,16515,2632,18943,0,0,2404,21406,553,7024,2404,28430,California
Butte,2021-02-05,1252,36710,663,17178,589,19532,0,0,549,21260,703,7727,557,28987,California
Butte,2021-02-06,144,36854,103,17281,41,19573,0,0,62,21240,82,7809,62,29049,California
Butte,2021-02-07,37,36891,33,17314,4,19577,0,0,13,21229,24,7833,13,29062,California
Butte,2021-02-08,689,37580,540,17854,149,19726,0,0,238,21016,451,8284,238,29300,California
Butte,2021-02-09,951,38531,457,18311,494,20220,0,0,724,21513,227,8511,724,30024,California
Butte,2021-02-10,1706,40237,1190,19501,516,20736,0,0,697,21203,1007,9518,697,30721,California
Butte,2021-02-11,2200,42437,1348,20849,852,21588,0,0,1004,21011,1196,10714,1004,31725,California
Butte,2021-02-12,983,43420,415,21264,568,22156,0,0,334,20708,647,11361,344,32069,California
Butte,2021-02-13,252,43672,44,21308,208,22364,0,0,150,20756,102,11463,150,32219,California
Butte,2021-02-14,160,43832,9,21317,151,22515,0,0,155,20906,5,11468,155,32374,California
Butte,2021-02-15,264,44096,48,21365,216,22731,0,0,198,21038,66,11534,198,32572,California
Butte,2021-02-16,732,44828,431,21796,301,23032,0,0,274,20855,459,11993,276,32848,California
Butte,2021-02-17,1513,46341,847,22643,666,23698,0,0,841,21026,670,12663,841,33689,California
Butte,2021-02-18,1555,47896,761,23404,794,24492,0,0,747,20965,808,13471,747,34436,California
Butte,2021-02-19,1166,49062,387,23791,779,25271,0,0,401,20608,758,14229,401,34837,California
Butte,2021-02-20,473,49535,28,23819,445,25716,0,0,120,20376,352,14581,120,34957,California
Butte,2021-02-21,16,49551,14,23833,2,25718,0,0,11,20382,5,14586,11,34968,California
Butte,2021-02-22,1497,51048,296,24129,1201,26919,0,0,381,19649,1114,15700,381,35349,California
Butte,2021-02-23,1633,52681,297,24426,1336,28255,0,0,463,18947,1165,16865,463,35812,California
Butte,2021-02-24,2135,54816,597,25023,1538,29793,0,0,729,18278,1398,18263,729,36541,California
Butte,2021-02-25,2073,56889,575,25598,1498,31291,0,0,651,17513,1417,19680,652,37193,California
Butte,2021-02-26,922,57811,312,25910,610,31901,0,0,399,17392,520,20200,399,37592,California
Butte,2021-02-27,234,58045,47,25957,187,32088,0,0,186,17532,46,20246,186,37778,California
Butte,2021-02-28,140,58185,16,25973,124,32212,0,0,132,17656,8,20254,132,37910,California
Butte,2021-03-01,1627,59812,178,26151,1448,33660,1,1,329,16691,1295,21549,330,38240,California
Butte,2021-03-02,1742,61554,196,26347,1546,35206,0,1,309,15571,1429,22978,309,38549,California
Butte,2021-03-03,2781,64335,846,27193,1935,37141,0,1,481,13753,2299,25277,481,39030,California
Butte,2021-03-04,3135,67470,672,27865,2463,39604,0,1,618,11855,2516,27793,618,39648,California
Butte,2021-03-05,1348,68818,617,28482,730,40334,1,2,735,11981,610,28403,736,40384,California
Butte,2021-03-06,248,69066,28,28510,197,40531,23,25,186,12129,61,28464,209,40593,California
Butte,2021-03-07,55,69121,3,28513,35,40566,17,42,30,12151,25,28489,47,40640,California
Butte,2021-03-08,1264,70385,129,28642,1058,41624,77,119,1099,13165,162,28651,1176,41816,California
Butte,2021-03-09,1896,72281,276,28918,1517,43141,103,222,1410,14194,484,29135,1513,43329,California
Butte,2021-03-10,2319,74600,965,29883,1254,44395,100,322,1580,15139,734,29869,1679,45008,California
Butte,2021-03-11,2803,77403,1312,31195,1365,45760,126,448,1979,16430,814,30683,2105,47113,California
Butte,2021-03-12,1141,78544,328,31523,466,46226,347,795,354,16350,781,31464,701,47814,California
Butte,2021-03-13,252,78796,66,31589,137,46363,49,844,64,16274,188,31652,112,47926,California
Butte,2021-03-14,160,78956,14,31603,104,46467,42,886,21,16199,138,31790,63,47989,California
Butte,2021-03-15,1719,80675,359,31962,1067,47534,293,1179,1126,17030,588,32378,1419,49408,California
Butte,2021-03-16,1629,82304,416,32378,1135,48669,78,1257,1090,17661,536,32914,1167,50575,California
Butte,2021-03-17,1952,84256,1359,33737,512,49181,81,1338,1133,18063,811,33725,1213,51788,California
Butte,2021-03-18,1798,86054,1455,35192,214,49395,129,1467,1059,18517,733,34458,1187,52975,California
Butte,2021-03-19,699,86753,313,35505,302,49697,84,1551,345,18601,345,34803,429,53404,California
Butte,2021-03-20,205,86958,32,35537,157,49854,16,1567,93,18598,112,34915,109,53513,California
Butte,2021-03-21,58,87016,27,35564,2,49856,29,1596,15,18599,43,34958,44,53557,California
Butte,2021-03-22,1461,88477,353,35917,1014,50870,94,1690,1196,19626,263,35221,1290,54847,California
Butte,2021-03-23,1799,90276,488,36405,1197,52067,114,1804,1453,20849,344,35565,1567,56414,California
Butte,2021-03-24,2247,92523,1264,37669,857,52924,126,1930,1701,22133,542,36107,1826,58240,California
Butte,2021-03-25,1482,94005,1199,38868,192,53116,91,2021,1021,22787,458,36565,1112,59352,California
Butte,2021-03-26,1214,95219,443,39311,525,53641,246,2267,568,22963,638,37203,814,60166,California
Butte,2021-03-27,299,95518,83,39394,192,53833,24,2291,132,22953,164,37367,154,60320,California
Butte,2021-03-28,225,95743,42,39436,175,54008,8,2299,100,22938,122,37489,107,60427,California
Butte,2021-03-29,1720,97463,381,39817,1269,55277,70,2369,1306,23903,411,37900,1376,61803,California
Butte,2021-03-30,1037,98500,467,40284,480,55757,90,2459,496,23954,535,38435,586,62389,California
Butte,2021-03-31,1777,100277,1305,41589,405,56162,67,2526,1088,24426,683,39118,1155,63544,California
Butte,2021-04-01,3278,103555,2660,44249,491,56653,127,2653,2211,25703,1062,40180,2339,65883,California
Butte,2021-04-02,999,104554,418,44667,461,57114,120,2773,560,25951,431,40611,679,66562,California
Butte,2021-04-03,344,104898,45,44712,224,57338,75,2848,165,26012,179,40790,240,66802,California
Butte,2021-04-04,186,105084,23,44735,140,57478,23,2871,108,26067,76,40866,131,66933,California
Butte,2021-04-05,1958,107042,419,45154,1370,58848,169,3040,601,25486,1350,42216,769,67702,California
Butte,2021-04-06,2183,109225,616,45770,1147,59995,420,3460,785,25297,1392,43608,1203,68905,California
Butte,2021-04-07,3002,112227,1312,47082,1297,61292,393,3853,691,24076,2305,45913,1084,69989,California
Butte,2021-04-08,2718,114945,1185,48267,1268,62560,265,4118,436,22498,2279,48192,701,70690,California
Butte,2021-04-09,1364,116309,346,48613,538,63098,480,4598,325,22265,1036,49228,803,71493,California
Butte,2021-04-10,216,116525,46,48659,74,63172,96,4694,95,22335,120,49348,190,71683,California
Butte,2021-04-11,103,116628,42,48701,51,63223,10,4704,79,22402,22,49370,89,71772,California
Butte,2021-04-12,1408,118036,317,49018,958,64181,133,4837,254,21635,1154,50524,387,72159,California
Butte,2021-04-13,1637,119673,571,49589,1060,65241,6,4843,348,20708,1282,51806,355,72514,California
Butte,2021-04-14,2830,122503,2341,51930,489,65730,0,4843,1316,20516,1509,53315,1317,73831,California
Butte,2021-04-15,633,123136,390,52320,243,65973,0,4843,480,20846,150,53465,480,74311,California
Butte,2021-04-16,807,123943,414,52734,393,66366,0,4843,475,20992,329,53794,475,74786,California
Butte,2021-04-17,338,124281,61,52795,277,66643,0,4843,236,21128,100,53894,236,75022,California
Butte,2021-04-18,38,124319,8,52803,30,66673,0,4843,34,21158,4,53898,34,75056,California
Butte,2021-04-19,1558,125877,381,53184,1177,67850,0,4843,449,20501,1106,55004,449,75505,California
Butte,2021-04-20,1968,127845,718,53902,1250,69100,0,4843,781,20100,1182,56186,781,76286,California
Butte,2021-04-21,2050,129895,1165,55067,885,69985,0,4843,481,19018,1563,57749,481,76767,California
Butte,2021-04-22,2182,132077,1904,56971,278,70263,0,4843,608,18056,1570,59319,608,77375,California
Butte,2021-04-23,937,133014,437,57408,500,70763,0,4843,488,18096,448,59767,488,77863,California
Butte,2021-04-24,346,133360,139,57547,207,70970,0,4843,191,18132,155,59922,191,78054,California
Butte,2021-04-25,171,133531,67,57614,104,71074,0,4843,64,18089,107,60029,64,78118,California
Butte,2021-04-26,1468,134999,408,58022,1055,72129,5,4848,410,17449,1055,61084,415,78533,California
Butte,2021-04-27,902,135901,616,58638,261,72390,25,4873,547,17670,351,61435,572,79105,California
Butte,2021-04-28,1256,137157,815,59453,417,72807,24,4897,402,17247,849,62284,426,79531,California
Butte,2021-04-29,727,137884,407,59860,295,73102,25,4922,217,16983,506,62790,242,79773,California
Butte,2021-04-30,581,138465,249,60109,324,73426,8,4930,313,17039,264,63054,320,80093,California
Calaveras,2020-12-16,5,5,5,5,0,0,0,0,5,5,0,0,5,5,California
Calaveras,2020-12-17,3,8,3,8,0,0,0,0,3,8,0,0,3,8,California
Calaveras,2020-12-18,38,46,38,46,0,0,0,0,38,46,0,0,38,46,California
Calaveras,2020-12-19,3,49,3,49,0,0,0,0,3,49,0,0,3,49,California
Calaveras,2020-12-20,3,52,3,52,0,0,0,0,3,52,0,0,3,52,California
Calaveras,2020-12-21,55,107,48,100,7,7,0,0,55,107,0,0,55,107,California
Calaveras,2020-12-22,82,189,78,178,4,11,0,0,83,190,0,0,83,190,California
Calaveras,2020-12-23,76,265,74,252,2,13,0,0,76,266,0,0,76,266,California
Calaveras,2020-12-24,2,267,2,254,0,13,0,0,2,268,0,0,2,268,California
Calaveras,2020-12-26,3,270,3,257,0,13,0,0,3,271,0,0,3,271,California
Calaveras,2020-12-28,22,292,18,275,4,17,0,0,21,291,1,1,21,292,California
Calaveras,2020-12-29,168,460,148,423,20,37,0,0,168,459,0,1,168,460,California
Calaveras,2020-12-30,94,554,82,505,12,49,0,0,94,553,0,1,94,554,California
Calaveras,2020-12-31,35,589,25,530,10,59,0,0,35,588,0,1,35,589,California
Calaveras,2021-01-02,11,600,11,541,0,59,0,0,11,599,0,1,11,600,California
Calaveras,2021-01-03,10,610,4,545,6,65,0,0,10,609,0,1,10,610,California
Calaveras,2021-01-04,33,643,5,550,28,93,0,0,33,642,0,1,33,643,California
Calaveras,2021-01-05,40,683,9,559,31,124,0,0,32,671,8,9,37,680,California
Calaveras,2021-01-06,106,789,29,588,77,201,0,0,96,757,10,19,96,776,California
Calaveras,2021-01-07,105,894,26,614,79,280,0,0,92,839,11,30,93,869,California
Calaveras,2021-01-08,68,962,38,652,30,310,0,0,45,862,23,53,46,915,California
Calaveras,2021-01-09,5,967,5,657,0,310,0,0,2,861,3,56,2,917,California
Calaveras,2021-01-10,2,969,0,657,2,312,0,0,2,863,0,56,2,919,California
Calaveras,2021-01-11,65,1034,59,716,6,318,0,0,27,855,37,93,29,948,California
Calaveras,2021-01-12,85,1119,52,768,33,351,0,0,52,875,33,126,53,1001,California
Calaveras,2021-01-13,109,1228,44,812,65,416,0,0,75,917,34,160,76,1077,California
Calaveras,2021-01-14,137,1365,41,853,96,512,0,0,104,990,32,192,105,1182,California
Calaveras,2021-01-15,91,1456,29,882,62,574,0,0,71,1041,20,212,71,1253,California
Calaveras,2021-01-16,13,1469,2,884,11,585,0,0,12,1052,1,213,12,1265,California
Calaveras,2021-01-17,9,1478,1,885,8,593,0,0,9,1061,0,213,9,1274,California
Calaveras,2021-01-18,131,1609,19,904,112,705,0,0,118,1169,13,226,121,1395,California
Calaveras,2021-01-19,204,1813,174,1078,30,735,0,0,62,1091,141,367,63,1458,California
Calaveras,2021-01-20,375,2188,81,1159,294,1029,0,0,291,1307,83,450,299,1757,California
Calaveras,2021-01-21,461,2649,40,1199,421,1450,0,0,434,1720,27,477,440,2197,California
Calaveras,2021-01-22,401,3050,23,1222,378,1828,0,0,391,2108,10,487,398,2595,California
Calaveras,2021-01-23,22,3072,10,1232,12,1840,0,0,18,2122,4,491,18,2613,California
Calaveras,2021-01-24,13,3085,8,1240,5,1845,0,0,11,2131,2,493,11,2624,California
Calaveras,2021-01-25,85,3170,8,1248,77,1922,0,0,80,2206,5,498,80,2704,California
Calaveras,2021-01-26,47,3217,15,1263,32,1954,0,0,39,2237,8,506,39,2743,California
Calaveras,2021-01-27,133,3350,43,1306,90,2044,0,0,106,2317,26,532,106,2849,California
Calaveras,2021-01-28,163,3513,23,1329,140,2184,0,0,140,2437,23,555,143,2992,California
Calaveras,2021-01-29,386,3899,13,1342,373,2557,0,0,362,2783,24,579,370,3362,California
Calaveras,2021-01-30,27,3926,10,1352,17,2574,0,0,25,2808,0,579,25,3387,California
Calaveras,2021-01-31,5,3931,3,1355,2,2576,0,0,4,2811,1,580,4,3391,California
Calaveras,2021-02-01,24,3955,11,1366,13,2589,0,0,18,2823,6,586,18,3409,California
Calaveras,2021-02-02,108,4063,22,1388,86,2675,0,0,70,2860,34,620,71,3480,California
Calaveras,2021-02-03,429,4492,42,1430,387,3062,0,0,346,3125,82,702,347,3827,California
Calaveras,2021-02-04,379,4871,24,1454,355,3417,0,0,297,3340,82,784,297,4124,California
Calaveras,2021-02-05,78,4949,22,1476,56,3473,0,0,40,3343,38,822,41,4165,California
Calaveras,2021-02-06,21,4970,12,1488,9,3482,0,0,21,3364,0,822,21,4186,California
Calaveras,2021-02-07,4,4974,1,1489,3,3485,0,0,2,3364,2,824,2,4188,California
Calaveras,2021-02-08,38,5012,17,1506,21,3506,0,0,30,3388,6,830,30,4218,California
Calaveras,2021-02-09,190,5202,74,1580,116,3622,0,0,129,3462,55,885,129,4347,California
Calaveras,2021-02-10,512,5714,29,1609,483,4105,0,0,444,3839,68,953,445,4792,California
Calaveras,2021-02-11,582,6296,81,1690,501,4606,0,0,474,4209,105,1058,475,5267,California
Calaveras,2021-02-12,569,6865,325,2015,244,4850,0,0,494,4631,73,1131,495,5762,California
Calaveras,2021-02-13,194,7059,37,2052,157,5007,0,0,179,4795,15,1146,179,5941,California
Calaveras,2021-02-14,220,7279,71,2123,149,5156,0,0,206,4987,14,1160,206,6147,California
Calaveras,2021-02-15,383,7662,22,2145,361,5517,0,0,263,5133,117,1277,263,6410,California
Calaveras,2021-02-16,267,7929,143,2288,124,5641,0,0,231,5328,36,1313,231,6641,California
Calaveras,2021-02-17,508,8437,37,2325,471,6112,0,0,211,5250,290,1603,212,6853,California
Calaveras,2021-02-18,498,8935,91,2416,407,6519,0,0,99,4960,389,1992,99,6952,California
Calaveras,2021-02-19,439,9374,43,2459,396,6915,0,0,98,4727,331,2323,98,7050,California
Calaveras,2021-02-20,59,9433,15,2474,44,6959,0,0,48,4764,11,2334,48,7098,California
Calaveras,2021-02-21,22,9455,13,2487,9,6968,0,0,19,4780,3,2337,19,7117,California
Calaveras,2021-02-22,62,9517,38,2525,24,6992,0,0,33,4784,29,2366,33,7150,California
Calaveras,2021-02-23,125,9642,40,2565,85,7077,0,0,89,4838,36,2402,90,7240,California
Calaveras,2021-02-24,96,9738,47,2612,49,7126,0,0,66,4875,29,2431,66,7306,California
Calaveras,2021-02-25,548,10286,98,2710,450,7576,0,0,358,5046,187,2618,358,7664,California
Calaveras,2021-02-26,704,10990,46,2756,658,8234,0,0,368,5095,321,2939,370,8034,California
Calaveras,2021-02-27,202,11192,21,2777,181,8415,0,0,179,5251,23,2962,179,8213,California
Calaveras,2021-02-28,98,11290,15,2792,83,8498,0,0,93,5340,4,2966,93,8306,California
Calaveras,2021-03-01,226,11516,40,2832,186,8684,0,0,146,5408,79,3045,147,8453,California
Calaveras,2021-03-02,243,11759,91,2923,152,8836,0,0,201,5570,40,3085,202,8655,California
Calaveras,2021-03-03,510,12269,103,3026,407,9243,0,0,213,5490,293,3378,213,8868,California
Calaveras,2021-03-04,738,13007,64,3090,673,9916,1,1,349,5458,383,3761,351,9219,California
Calaveras,2021-03-05,456,13463,271,3361,181,10097,4,5,141,5291,312,4073,145,9364,California
Calaveras,2021-03-06,155,13618,42,3403,107,10204,6,11,122,5386,33,4106,128,9492,California
Calaveras,2021-03-07,75,13693,32,3435,36,10240,7,18,34,5386,41,4147,41,9533,California
Calaveras,2021-03-08,162,13855,26,3461,128,10368,8,26,128,5489,33,4180,136,9669,California
Calaveras,2021-03-09,360,14215,136,3597,218,10586,6,32,32,5202,325,4505,38,9707,California
Calaveras,2021-03-10,415,14630,27,3624,385,10971,3,35,57,4906,356,4861,60,9767,California
Calaveras,2021-03-11,844,15474,417,4041,414,11385,13,48,428,4933,414,5275,441,10208,California
Calaveras,2021-03-12,397,15871,210,4251,177,11562,10,58,326,5203,71,5346,341,10549,California
Calaveras,2021-03-13,178,16049,16,4267,154,11716,8,66,144,5324,33,5379,154,10703,California
Calaveras,2021-03-14,155,16204,10,4277,144,11860,1,67,17,5211,138,5517,25,10728,California
Calaveras,2021-03-15,331,16535,47,4324,258,12118,26,93,52,5015,278,5795,82,10810,California
Calaveras,2021-03-16,685,17220,550,4874,115,12233,20,113,545,5442,138,5933,565,11375,California
Calaveras,2021-03-17,279,17499,52,4926,213,12446,14,127,51,5282,226,6159,66,11441,California
Calaveras,2021-03-18,665,18164,570,5496,80,12526,15,142,550,5734,115,6274,567,12008,California
Calaveras,2021-03-19,231,18395,50,5546,107,12633,74,216,56,5692,171,6445,129,12137,California
Calaveras,2021-03-20,79,18474,20,5566,58,12691,1,217,23,5661,56,6501,25,12162,California
Calaveras,2021-03-21,48,18522,31,5597,6,12697,11,228,13,5650,35,6536,24,12186,California
Calaveras,2021-03-22,79,18601,36,5633,22,12719,21,249,25,5642,54,6590,46,12232,California
Calaveras,2021-03-23,292,18893,204,5837,78,12797,10,259,114,5596,170,6760,124,12356,California
Calaveras,2021-03-24,132,19025,50,5887,72,12869,10,269,43,5561,88,6848,53,12409,California
Calaveras,2021-03-25,738,19763,100,5987,635,13504,3,272,446,5721,289,7137,449,12858,California
Calaveras,2021-03-26,426,20189,28,6015,392,13896,6,278,89,5484,334,7471,97,12955,California
Calaveras,2021-03-27,212,20401,19,6034,189,14085,4,282,38,5357,171,7642,44,12999,California
Calaveras,2021-03-28,112,20513,12,6046,98,14183,2,284,8,5265,103,7745,11,13010,California
Calaveras,2021-03-29,175,20688,21,6067,151,14334,3,287,56,5208,117,7862,60,13070,California
Calaveras,2021-03-30,529,21217,21,6088,491,14825,17,304,354,5405,174,8036,371,13441,California
Calaveras,2021-03-31,321,21538,139,6227,172,14997,10,314,155,5405,166,8202,166,13607,California
Calaveras,2021-04-01,681,22219,439,6666,241,15238,1,315,186,5101,494,8696,190,13797,California
Calaveras,2021-04-02,392,22611,229,6895,155,15393,8,323,117,4954,273,8969,126,13923,California
Calaveras,2021-04-03,144,22755,32,6927,108,15501,4,327,40,4894,104,9073,44,13967,California
Calaveras,2021-04-04,78,22833,25,6952,53,15554,0,327,50,4916,28,9101,50,14017,California
Calaveras,2021-04-05,207,23040,77,7029,121,15675,9,336,97,4913,110,9211,107,14124,California
Calaveras,2021-04-06,646,23686,573,7602,60,15735,13,349,107,4497,536,9747,120,14244,California
Calaveras,2021-04-07,752,24438,654,8256,62,15797,36,385,615,5012,137,9884,652,14896,California
Calaveras,2021-04-08,941,25379,852,9108,68,15865,21,406,432,4960,507,10391,455,15351,California
Calaveras,2021-04-09,150,25529,57,9165,46,15911,47,453,55,4969,94,10485,103,15454,California
Calaveras,2021-04-10,187,25716,41,9206,128,16039,18,471,146,5093,41,10526,165,15619,California
Calaveras,2021-04-11,67,25783,43,9249,22,16061,2,473,46,5120,21,10547,48,15667,California
Calaveras,2021-04-12,104,25887,47,9296,38,16099,19,492,55,5146,49,10596,75,15742,California
Calaveras,2021-04-13,422,26309,367,9663,55,16154,0,492,364,5456,56,10652,366,16108,California
Calaveras,2021-04-14,179,26488,28,9691,151,16305,0,492,134,5546,45,10697,135,16243,California
Calaveras,2021-04-15,336,26824,287,9978,49,16354,0,492,253,5719,80,10777,253,16496,California
Calaveras,2021-04-16,98,26922,24,10002,74,16428,0,492,46,5717,48,10825,46,16542,California
Calaveras,2021-04-17,330,27252,128,10130,202,16630,0,492,288,5964,41,10866,288,16830,California
Calaveras,2021-04-18,18,27270,5,10135,13,16643,0,492,11,5968,7,10873,11,16841,California
Calaveras,2021-04-19,66,27336,24,10159,42,16685,0,492,40,5984,25,10898,41,16882,California
Calaveras,2021-04-20,258,27594,92,10251,166,16851,0,492,193,6114,63,10961,193,17075,California
Calaveras,2021-04-21,211,27805,143,10394,68,16919,0,492,86,6078,123,11084,87,17162,California
Calaveras,2021-04-22,540,28345,93,10487,447,17366,0,492,145,5832,394,11478,148,17310,California
Calaveras,2021-04-23,157,28502,80,10567,77,17443,0,492,64,5805,91,11569,64,17374,California
Calaveras,2021-04-24,169,28671,36,10603,133,17576,0,492,126,5890,42,11611,127,17501,California
Calaveras,2021-04-25,43,28714,28,10631,15,17591,0,492,22,5893,21,11632,24,17525,California
Calaveras,2021-04-26,94,28808,60,10691,34,17625,0,492,29,5858,65,11697,30,17555,California
Calaveras,2021-04-27,421,29229,57,10748,350,17975,14,506,64,5581,355,12052,78,17633,California
Calaveras,2021-04-28,532,29761,468,11216,36,18011,28,534,41,5169,491,12543,79,17712,California
Calaveras,2021-04-29,444,30205,380,11596,45,18056,19,553,40,4832,403,12946,66,17778,California
Calaveras,2021-04-30,47,30252,12,11608,30,18086,5,558,18,4826,29,12975,23,17801,California
Colusa,2020-12-18,1,1,1,1,0,0,0,0,1,1,0,0,1,1,California
Colusa,2020-12-21,2,3,2,3,0,0,0,0,2,3,0,0,2,3,California
Colusa,2020-12-22,10,13,10,13,0,0,0,0,10,13,0,0,10,13,California
Colusa,2020-12-23,10,23,10,23,0,0,0,0,10,23,0,0,10,23,California
Colusa,2020-12-24,2,25,1,24,1,1,0,0,2,25,0,0,2,25,California
Colusa,2020-12-27,1,26,1,25,0,1,0,0,1,26,0,0,1,26,California
Colusa,2020-12-28,7,33,3,28,4,5,0,0,7,33,0,0,7,33,California
Colusa,2020-12-29,11,44,8,36,3,8,0,0,11,44,0,0,11,44,California
Colusa,2020-12-30,50,94,13,49,37,45,0,0,50,94,0,0,50,94,California
Colusa,2020-12-31,18,112,1,50,17,62,0,0,18,112,0,0,18,112,California
Colusa,2021-01-04,4,116,0,50,4,66,0,0,4,116,0,0,4,116,California
Colusa,2021-01-05,67,183,1,51,66,132,0,0,67,183,0,0,67,183,California
Colusa,2021-01-06,15,198,9,60,6,138,0,0,15,198,0,0,15,198,California
Colusa,2021-01-07,38,236,4,64,34,172,0,0,37,234,1,1,37,235,California
Colusa,2021-01-08,9,245,7,71,2,174,0,0,8,241,1,2,8,243,California
Colusa,2021-01-09,2,247,1,72,1,175,0,0,2,243,0,2,2,245,California
Colusa,2021-01-10,1,248,0,72,1,176,0,0,1,244,0,2,1,246,California
Colusa,2021-01-11,12,260,6,78,6,182,0,0,7,246,5,7,7,253,California
Colusa,2021-01-12,11,271,9,87,2,184,0,0,6,247,5,12,6,259,California
Colusa,2021-01-13,21,292,13,100,8,192,0,0,13,252,8,20,13,272,California
Colusa,2021-01-14,35,327,28,128,7,199,0,0,33,283,2,22,33,305,California
Colusa,2021-01-15,41,368,5,133,36,235,0,0,39,320,2,24,39,344,California
Colusa,2021-01-16,12,380,1,134,11,246,0,0,11,330,1,25,11,355,California
Colusa,2021-01-17,3,383,2,136,1,247,0,0,2,331,1,26,2,357,California
Colusa,2021-01-18,4,387,0,136,4,251,0,0,4,335,0,26,4,361,California
Colusa,2021-01-19,9,396,8,144,1,252,0,0,5,336,4,30,5,366,California
Colusa,2021-01-20,115,511,101,245,14,266,0,0,102,425,13,43,102,468,California
Colusa,2021-01-21,56,567,41,286,15,281,0,0,55,479,1,44,55,523,California
Colusa,2021-01-22,40,607,17,303,23,304,0,0,35,509,5,49,35,558,California
Colusa,2021-01-23,35,642,6,309,29,333,0,0,35,544,0,49,35,593,California
Colusa,2021-01-25,7,649,0,309,7,340,0,0,7,551,0,49,7,600,California
Colusa,2021-01-26,8,657,5,314,3,343,0,0,5,553,3,52,5,605,California
Colusa,2021-01-27,109,766,31,345,78,421,0,0,107,658,2,54,107,712,California
Colusa,2021-01-28,79,845,46,391,33,454,0,0,72,723,7,61,72,784,California
Colusa,2021-01-29,41,886,7,398,34,488,0,0,40,762,1,62,40,824,California
Colusa,2021-01-30,27,913,4,402,23,511,0,0,27,789,0,62,27,851,California
Colusa,2021-01-31,7,920,7,409,0,511,0,0,7,796,0,62,7,858,California
Colusa,2021-02-01,27,947,10,419,17,528,0,0,22,813,5,67,22,880,California
Colusa,2021-02-02,42,989,8,427,34,562,0,0,36,843,6,73,36,916,California
Colusa,2021-02-03,69,1058,10,437,59,621,0,0,59,892,10,83,59,975,California
Colusa,2021-02-04,143,1201,81,518,62,683,0,0,115,979,28,111,115,1090,California
Colusa,2021-02-05,32,1233,8,526,24,707,0,0,29,1005,3,114,29,1119,California
Colusa,2021-02-06,284,1517,8,534,276,983,0,0,273,1267,11,125,273,1392,California
Colusa,2021-02-07,2,1519,1,535,1,984,0,0,0,1265,2,127,0,1392,California
Colusa,2021-02-08,40,1559,5,540,35,1019,0,0,37,1299,3,130,37,1429,California
Colusa,2021-02-09,231,1790,14,554,217,1236,0,0,176,1420,55,185,176,1605,California
Colusa,2021-02-10,116,1906,41,595,75,1311,0,0,73,1450,43,228,73,1678,California
Colusa,2021-02-11,97,2003,36,631,61,1372,0,0,72,1497,25,253,72,1750,California
Colusa,2021-02-12,117,2120,9,640,108,1480,0,0,79,1537,39,292,79,1829,California
Colusa,2021-02-13,60,2180,8,648,52,1532,0,0,52,1581,8,300,52,1881,California
Colusa,2021-02-14,20,2200,8,656,12,1544,0,0,14,1589,6,306,14,1895,California
Colusa,2021-02-15,45,2245,10,666,35,1579,0,0,38,1620,7,313,38,1933,California
Colusa,2021-02-16,67,2312,4,670,63,1642,0,0,66,1685,1,314,66,1999,California
Colusa,2021-02-17,206,2518,143,813,63,1705,0,0,60,1599,146,460,60,2059,California
Colusa,2021-02-18,135,2653,35,848,100,1805,0,0,112,1688,23,483,112,2171,California
Colusa,2021-02-19,155,2808,19,867,136,1941,0,0,129,1791,26,509,129,2300,California
Colusa,2021-02-20,28,2836,6,873,22,1963,0,0,12,1787,16,525,12,2312,California
Colusa,2021-02-21,1,2837,1,874,0,1963,0,0,0,1786,1,526,0,2312,California
Colusa,2021-02-22,43,2880,26,900,17,1980,0,0,29,1801,14,540,29,2341,California
Colusa,2021-02-23,22,2902,6,906,16,1996,0,0,18,1815,4,544,18,2359,California
Colusa,2021-02-24,300,3202,54,960,246,2242,0,0,158,1831,142,686,158,2517,California
Colusa,2021-02-25,102,3304,55,1015,47,2289,0,0,66,1861,36,722,66,2583,California
Colusa,2021-02-26,98,3402,13,1028,85,2374,0,0,59,1881,39,761,59,2642,California
Colusa,2021-02-27,55,3457,4,1032,51,2425,0,0,40,1906,15,776,40,2682,California
Colusa,2021-02-28,26,3483,14,1046,12,2437,0,0,18,1916,8,784,18,2700,California
Colusa,2021-03-01,46,3529,15,1061,31,2468,0,0,29,1928,17,801,29,2729,California
Colusa,2021-03-02,49,3578,13,1074,36,2504,0,0,26,1931,23,824,26,2755,California
Colusa,2021-03-03,242,3820,43,1117,199,2703,0,0,185,2059,57,881,185,2940,California
Colusa,2021-03-04,138,3958,58,1175,80,2783,0,0,80,2081,58,939,80,3020,California
Colusa,2021-03-05,98,4056,25,1200,64,2847,9,9,53,2098,45,984,62,3082,California
Colusa,2021-03-06,274,4330,9,1209,265,3112,0,9,37,1898,237,1221,37,3119,California
Colusa,2021-03-07,8,4338,5,1214,3,3115,0,9,6,1902,2,1223,6,3125,California
Colusa,2021-03-08,88,4426,20,1234,33,3148,35,44,44,1937,44,1267,79,3204,California
Colusa,2021-03-09,272,4698,70,1304,179,3327,23,67,83,1854,189,1456,106,3310,California
Colusa,2021-03-10,287,4985,35,1339,216,3543,36,103,201,2005,86,1542,237,3547,California
Colusa,2021-03-11,419,5404,59,1398,339,3882,21,124,338,2281,81,1623,357,3904,California
Colusa,2021-03-12,109,5513,18,1416,78,3960,13,137,19,2223,90,1713,32,3936,California
Colusa,2021-03-13,61,5574,16,1432,36,3996,9,146,18,2207,43,1756,27,3963,California
Colusa,2021-03-14,20,5594,0,1432,18,4014,2,148,6,2202,13,1769,8,3971,California
Colusa,2021-03-15,69,5663,26,1458,35,4049,8,156,14,2169,55,1824,22,3993,California
Colusa,2021-03-16,295,5958,15,1473,234,4283,46,202,188,2296,107,1931,234,4227,California
Colusa,2021-03-17,195,6153,49,1522,146,4429,0,202,111,2323,84,2015,111,4338,California
Colusa,2021-03-18,319,6472,33,1555,216,4645,70,272,197,2468,122,2137,267,4605,California
Colusa,2021-03-19,78,6550,20,1575,56,4701,2,274,54,2500,24,2161,56,4661,California
Colusa,2021-03-20,49,6599,7,1582,41,4742,1,275,36,2524,13,2174,37,4698,California
Colusa,2021-03-21,6,6605,4,1586,2,4744,0,275,4,2526,2,2176,4,4702,California
Colusa,2021-03-22,62,6667,10,1596,43,4787,9,284,40,2553,22,2198,49,4751,California
Colusa,2021-03-23,81,6748,16,1612,63,4850,2,286,54,2582,27,2225,56,4807,California
Colusa,2021-03-24,337,7085,57,1669,274,5124,6,292,69,2388,268,2493,74,4881,California
Colusa,2021-03-25,109,7194,60,1729,44,5168,5,297,52,2388,57,2550,57,4938,California
Colusa,2021-03-26,298,7492,47,1776,247,5415,4,301,245,2584,53,2603,249,5187,California
Colusa,2021-03-27,63,7555,5,1781,58,5473,0,301,25,2571,38,2641,25,5212,California
Colusa,2021-03-28,15,7570,6,1787,9,5482,0,301,7,2570,8,2649,7,5219,California
Colusa,2021-03-29,69,7639,19,1806,44,5526,6,307,30,2567,39,2688,36,5255,California
Colusa,2021-03-30,147,7786,78,1884,67,5593,2,309,75,2572,72,2760,77,5332,California
Colusa,2021-03-31,235,8021,42,1926,193,5786,0,309,75,2489,158,2918,75,5407,California
Colusa,2021-04-01,426,8447,67,1993,304,6090,55,364,303,2724,122,3040,357,5764,California
Colusa,2021-04-02,81,8528,12,2005,55,6145,14,378,37,2731,44,3084,51,5815,California
Colusa,2021-04-03,62,8590,10,2015,29,6174,23,401,14,2720,48,3132,37,5852,California
Colusa,2021-04-04,18,8608,0,2015,8,6182,10,411,3,2718,15,3147,13,5865,California
Colusa,2021-04-05,95,8703,25,2040,55,6237,15,426,39,2716,56,3203,54,5919,California
Colusa,2021-04-06,128,8831,33,2073,45,6282,50,476,43,2724,85,3288,93,6012,California
Colusa,2021-04-07,357,9188,40,2113,294,6576,23,499,133,2657,224,3512,157,6169,California
Colusa,2021-04-08,426,9614,33,2146,366,6942,27,526,121,2503,302,3814,148,6317,California
Colusa,2021-04-09,76,9690,21,2167,32,6974,23,549,28,2506,48,3862,51,6368,California
Colusa,2021-04-10,45,9735,9,2176,16,6990,20,569,13,2507,32,3894,33,6401,California
Colusa,2021-04-11,15,9750,2,2178,11,7001,2,571,7,2508,8,3902,9,6410,California
Colusa,2021-04-12,31,9781,3,2181,28,7029,0,571,24,2525,7,3909,24,6434,California
Colusa,2021-04-13,278,10059,23,2204,255,7284,0,571,94,2436,183,4092,94,6528,California
Colusa,2021-04-14,94,10153,19,2223,75,7359,0,571,33,2408,61,4153,33,6561,California
Colusa,2021-04-15,317,10470,42,2265,275,7634,0,571,129,2349,188,4341,129,6690,California
Colusa,2021-04-16,80,10550,11,2276,69,7703,0,571,36,2342,43,4384,36,6726,California
Colusa,2021-04-17,53,10603,7,2283,46,7749,0,571,31,2351,22,4406,31,6757,California
Colusa,2021-04-18,9,10612,2,2285,7,7756,0,571,7,2356,2,4408,7,6764,California
Colusa,2021-04-19,61,10673,22,2307,39,7795,0,571,17,2329,44,4452,17,6781,California
Colusa,2021-04-20,176,10849,32,2339,144,7939,0,571,128,2409,48,4500,128,6909,California
Colusa,2021-04-21,170,11019,59,2398,111,8050,0,571,110,2459,60,4560,110,7019,California
Colusa,2021-04-22,416,11435,25,2423,390,8440,1,572,213,2470,202,4762,213,7232,California
Colusa,2021-04-23,90,11525,17,2440,73,8513,0,572,36,2452,54,4816,36,7268,California
Colusa,2021-04-24,237,11762,19,2459,217,8730,1,573,204,2624,33,4849,205,7473,California
Colusa,2021-04-25,11,11773,5,2464,6,8736,0,573,8,2629,3,4852,8,7481,California
Colusa,2021-04-26,22,11795,4,2468,17,8753,1,574,7,2622,14,4866,7,7488,California
Colusa,2021-04-27,92,11887,21,2489,67,8820,4,578,43,2620,49,4915,47,7535,California
Colusa,2021-04-28,172,12059,27,2516,142,8962,3,581,124,2700,47,4962,127,7662,California
Colusa,2021-04-29,262,12321,6,2522,252,9214,4,585,31,2513,230,5192,43,7705,California
Colusa,2021-04-30,45,12366,10,2532,35,9249,0,585,24,2516,21,5213,24,7729,California
Contra Costa,2020-12-15,18,18,18,18,0,0,0,0,18,18,0,0,18,18,California
Contra Costa,2020-12-16,523,541,523,541,0,0,0,0,523,541,0,0,523,541,California
Contra Costa,2020-12-17,908,1449,908,1449,0,0,0,0,908,1449,0,0,908,1449,California
Contra Costa,2020-12-18,1590,3039,1589,3038,1,1,0,0,1590,3039,0,0,1590,3039,California
Contra Costa,2020-12-19,1101,4140,1100,4138,1,2,0,0,1101,4140,0,0,1101,4140,California
Contra Costa,2020-12-20,584,4724,583,4721,1,3,0,0,584,4724,0,0,584,4724,California
Contra Costa,2020-12-21,1652,6376,1650,6371,2,5,0,0,1652,6376,0,0,1652,6376,California
Contra Costa,2020-12-22,1664,8040,1560,7931,104,109,0,0,1664,8040,0,0,1664,8040,California
Contra Costa,2020-12-23,1587,9627,1339,9270,248,357,0,0,1587,9627,0,0,1587,9627,California
Contra Costa,2020-12-24,654,10281,336,9606,318,675,0,0,654,10281,0,0,654,10281,California
Contra Costa,2020-12-25,39,10320,17,9623,22,697,0,0,39,10320,0,0,39,10320,California
Contra Costa,2020-12-26,641,10961,131,9754,510,1207,0,0,641,10961,0,0,641,10961,California
Contra Costa,2020-12-27,240,11201,87,9841,153,1360,0,0,240,11201,0,0,240,11201,California
Contra Costa,2020-12-28,1829,13030,860,10701,969,2329,0,0,1829,13030,0,0,1829,13030,California
Contra Costa,2020-12-29,1828,14858,824,11525,1004,3333,0,0,1828,14858,0,0,1828,14858,California
Contra Costa,2020-12-30,2394,17252,1216,12741,1178,4511,0,0,2393,17251,0,0,2393,17251,California
Contra Costa,2020-12-31,914,18166,308,13049,606,5117,0,0,913,18164,0,0,913,18164,California
Contra Costa,2021-01-01,60,18226,23,13072,37,5154,0,0,60,18224,0,0,60,18224,California
Contra Costa,2021-01-02,334,18560,173,13245,161,5315,0,0,334,18558,0,0,334,18558,California
Contra Costa,2021-01-03,175,18735,117,13362,58,5373,0,0,174,18732,0,0,174,18732,California
Contra Costa,2021-01-04,1906,20641,1253,14615,653,6026,0,0,1884,20596,20,20,1884,20616,California
Contra Costa,2021-01-05,2103,22744,1258,15873,845,6871,0,0,1844,22183,258,278,1845,22461,California
Contra Costa,2021-01-06,3275,26019,2242,18115,1033,7904,0,0,2514,23945,755,1033,2517,24978,California
Contra Costa,2021-01-07,3092,29111,2058,20173,1034,8938,0,0,1882,24620,1207,2240,1882,26860,California
Contra Costa,2021-01-08,3382,32493,2390,22563,992,9930,0,0,1821,24888,1556,3796,1824,28684,California
Contra Costa,2021-01-09,1584,34077,1132,23695,452,10382,0,0,748,24803,835,4631,750,29434,California
Contra Costa,2021-01-10,360,34437,286,23981,74,10456,0,0,151,24745,209,4840,151,29585,California
Contra Costa,2021-01-11,3837,38274,3145,27126,692,11148,0,0,2233,25377,1604,6444,2236,31821,California
Contra Costa,2021-01-12,3903,42177,2927,30053,976,12124,0,0,2579,26634,1324,7768,2581,34402,California
Contra Costa,2021-01-13,4676,46853,2887,32940,1789,13913,0,0,3738,29439,934,8702,3739,38141,California
Contra Costa,2021-01-14,4305,51158,1553,34493,2752,16665,0,0,3923,32980,382,9084,3923,42064,California
Contra Costa,2021-01-15,5335,56493,2459,36952,2876,19541,0,0,5012,37674,322,9406,5016,47080,California
Contra Costa,2021-01-16,1718,58211,552,37504,1166,20707,0,0,1643,39242,75,9481,1643,48723,California
Contra Costa,2021-01-17,1634,59845,974,38478,660,21367,0,0,1511,40633,123,9604,1514,50237,California
Contra Costa,2021-01-18,3197,63042,1255,39733,1942,23309,0,0,2574,42591,617,10221,2575,52812,California
Contra Costa,2021-01-19,7067,70109,3160,42893,3907,27216,0,0,6062,47656,1002,11223,6067,58879,California
Contra Costa,2021-01-20,6614,76723,4056,46949,2558,29774,0,0,5381,51813,1229,12452,5386,64265,California
Contra Costa,2021-01-21,6963,83686,3101,50050,3862,33636,0,0,6239,57341,719,13171,6247,70512,California
Contra Costa,2021-01-22,6363,90049,2700,52750,3663,37299,0,0,5506,62002,848,14019,5509,76021,California
Contra Costa,2021-01-23,2023,92072,358,53108,1665,38964,0,0,1765,63513,256,14275,1767,77788,California
Contra Costa,2021-01-24,1581,93653,219,53327,1362,40326,0,0,1436,64808,145,14420,1440,79228,California
Contra Costa,2021-01-25,6650,100303,3018,56345,3632,43958,0,0,5087,68337,1561,15981,5090,84318,California
Contra Costa,2021-01-26,8080,108383,4679,61024,3401,47359,0,0,6241,72751,1831,17812,6245,90563,California
Contra Costa,2021-01-27,8239,116622,5499,66523,2740,50099,0,0,6341,77279,1817,19629,6345,96908,California
Contra Costa,2021-01-28,7439,124061,4081,70604,3358,53457,0,0,5837,81524,1596,21225,5841,102749,California
Contra Costa,2021-01-29,7440,131501,3890,74494,3550,57007,0,0,6130,86350,1306,22531,6132,108881,California
Contra Costa,2021-01-30,2082,133583,596,75090,1486,58493,0,0,1716,87707,359,22890,1716,110597,California
Contra Costa,2021-01-31,699,134282,480,75570,219,58712,0,0,573,88157,123,23013,573,111170,California
Contra Costa,2021-02-01,5522,139804,3762,79332,1760,60472,0,0,3890,90423,1627,24640,3893,115063,California
Contra Costa,2021-02-02,7756,147560,5270,84602,2486,62958,0,0,5904,94478,1850,26490,5905,120968,California
Contra Costa,2021-02-03,8267,155827,5457,90059,2810,65768,0,0,5630,97483,2626,29116,5631,126599,California
Contra Costa,2021-02-04,7439,163266,3534,93593,3905,69673,0,0,5716,101482,1719,30835,5718,132317,California
Contra Costa,2021-02-05,8423,171689,4818,98411,3605,73278,0,0,5715,104496,2701,33536,5715,138032,California
Contra Costa,2021-02-06,3469,175158,2154,100565,1315,74593,0,0,2817,106663,651,34187,2818,140850,California
Contra Costa,2021-02-07,981,176139,710,101275,271,74864,0,0,605,106893,375,34562,605,141455,California
Contra Costa,2021-02-08,5807,181946,3438,104713,2369,77233,0,0,4329,109750,1473,36035,4330,145785,California
Contra Costa,2021-02-09,8646,190592,4764,109477,3882,81115,0,0,5761,112632,2880,38915,5762,151547,California
Contra Costa,2021-02-10,8630,199222,4649,114126,3981,85096,0,0,5403,114827,3212,42127,5407,156954,California
Contra Costa,2021-02-11,9306,208528,4212,118338,5094,90190,0,0,5269,116070,4031,46158,5274,162228,California
Contra Costa,2021-02-12,10067,218595,4609,122947,5458,95648,0,0,5457,116927,4603,50761,5460,167688,California
Contra Costa,2021-02-13,4877,223472,1365,124312,3512,99160,0,0,3406,118866,1468,52229,3407,171095,California
Contra Costa,2021-02-14,2086,225558,864,125176,1222,100382,0,0,1224,119230,860,53089,1224,172319,California
Contra Costa,2021-02-15,4446,230004,2463,127639,1983,102365,0,0,2348,119488,2091,55180,2349,174668,California
Contra Costa,2021-02-16,10411,240415,4905,132544,5506,107871,0,0,4636,118360,5768,60948,4640,179308,California
Contra Costa,2021-02-17,12272,252687,6127,138671,6145,114016,0,0,5623,117350,6634,67582,5624,184932,California
Contra Costa,2021-02-18,11458,264145,5957,144628,5501,119517,0,0,5319,116543,6128,73710,5321,190253,California
Contra Costa,2021-02-19,11400,275545,7104,151732,4296,123813,0,0,5172,115503,6213,79923,5173,195426,California
Contra Costa,2021-02-20,6440,281985,2888,154620,3552,127365,0,0,4565,118211,1859,81782,4567,199993,California
Contra Costa,2021-02-21,1801,283786,1255,155875,546,127911,0,0,1088,118587,712,82494,1088,201081,California
Contra Costa,2021-02-22,7532,291318,5098,160973,2434,130345,0,0,3463,117995,4057,86551,3465,204546,California
Contra Costa,2021-02-23,11896,303214,7247,168220,4649,134994,0,0,5921,117959,5961,92512,5925,210471,California
Contra Costa,2021-02-24,10471,313685,7674,175894,2797,137791,0,0,5046,117598,5409,97921,5048,215519,California
Contra Costa,2021-02-25,11458,325143,7205,183099,4253,142044,0,0,5200,116564,6238,104159,5204,220723,California
Contra Costa,2021-02-26,10692,335835,6741,189840,3951,145995,0,0,5299,116486,5378,109537,5300,226023,California
Contra Costa,2021-02-27,6617,342452,4205,194045,2412,148407,0,0,4106,118088,2505,112042,4107,230130,California
Contra Costa,2021-02-28,3787,346239,3118,197163,669,149076,0,0,3190,120685,594,112636,3191,233321,California
Contra Costa,2021-03-01,8086,354325,6075,203238,2008,151084,3,3,4965,122549,3106,115742,4970,238291,California
Contra Costa,2021-03-02,10136,364461,6315,209553,3820,154904,1,4,5251,122932,4869,120611,5252,243543,California
Contra Costa,2021-03-03,11149,375610,6973,216526,4175,159079,1,5,6238,124275,4897,125508,6240,249783,California
Contra Costa,2021-03-04,11865,387475,7083,223609,4782,163861,0,5,6143,124715,5703,131211,6143,255926,California
Contra Costa,2021-03-05,11226,398701,6667,230276,4554,168415,5,10,6392,126293,4819,136030,6397,262323,California
Contra Costa,2021-03-06,7293,405994,4007,234283,2976,171391,310,320,4712,128744,2569,138599,5020,267343,California
Contra Costa,2021-03-07,3621,409615,2269,236552,1292,172683,60,380,2949,131082,671,139270,3009,270352,California
Contra Costa,2021-03-08,8045,417660,3755,240307,3987,176670,303,683,5366,134087,2668,141938,5673,276025,California
Contra Costa,2021-03-09,10182,427842,5000,245307,4888,181558,294,977,5031,134269,5144,147082,5326,281351,California
Contra Costa,2021-03-10,12123,439965,5959,251266,4669,186227,1495,2472,5469,134579,6645,153727,6955,288306,California
Contra Costa,2021-03-11,12456,452421,6560,257826,5336,191563,560,3032,6356,135417,6079,159806,6917,295223,California
Contra Costa,2021-03-12,12530,464951,5143,262969,6843,198406,544,3576,6260,135965,6254,166060,6802,302025,California
Contra Costa,2021-03-13,7757,472708,3072,266041,4261,202667,424,4000,3076,134795,4664,170724,3494,305519,California
Contra Costa,2021-03-14,4345,477053,2544,268585,1318,203985,483,4483,2073,135085,2265,172989,2555,308074,California
Contra Costa,2021-03-15,9368,486421,5052,273637,3564,207549,752,5235,4747,135979,4605,177594,5499,313573,California
Contra Costa,2021-03-16,14249,500670,8462,282099,5391,212940,396,5631,7267,136680,6962,184556,7663,321236,California
Contra Costa,2021-03-17,14970,515640,10332,292431,4427,217367,211,5842,8565,139077,6384,190940,8781,330017,California
Contra Costa,2021-03-18,15352,530992,8526,300957,6346,223713,480,6322,8782,141794,6543,197483,9260,339277,California
Contra Costa,2021-03-19,15481,546473,8885,309842,5206,228919,1390,7712,8293,144306,7176,204659,9688,348965,California
Contra Costa,2021-03-20,10606,557079,6328,316170,3975,232894,303,8015,5237,144494,5353,210012,5541,354506,California
Contra Costa,2021-03-21,4437,561516,3886,320056,464,233358,87,8102,2084,144318,2346,212358,2170,356676,California
Contra Costa,2021-03-22,11515,573031,8682,328738,2583,235941,250,8352,7082,147228,4421,216779,7331,364007,California
Contra Costa,2021-03-23,15576,588607,10731,339469,4675,240616,170,8522,9495,150841,6055,222834,9668,373675,California
Contra Costa,2021-03-24,14948,603555,11675,351144,3061,243677,212,8734,9190,154518,5726,228560,9403,383078,California
Contra Costa,2021-03-25,15241,618796,11874,363018,3082,246759,285,9019,9415,158427,5789,234349,9698,392776,California
Contra Costa,2021-03-26,14916,633712,10687,373705,3834,250593,395,9414,8806,161537,6087,240436,9197,401973,California
Contra Costa,2021-03-27,10416,644128,6740,380445,3166,253759,510,9924,5771,163176,4635,245071,6274,408247,California
Contra Costa,2021-03-28,4119,648247,2917,383362,1149,254908,53,9977,1764,162648,2345,247416,1817,410064,California
Contra Costa,2021-03-29,10810,659057,8438,391800,2257,257165,115,10092,7070,166109,3726,251142,7187,417251,California
Contra Costa,2021-03-30,16703,675760,9104,400904,6247,263412,1352,11444,11029,172831,5659,256801,12381,429632,California
Contra Costa,2021-03-31,17920,693680,12546,413450,3935,267347,1439,12883,11518,179417,6372,263173,12958,442590,California
Contra Costa,2021-04-01,17391,711071,12179,425629,3851,271198,1361,14244,11331,186070,6037,269210,12690,455280,California
Contra Costa,2021-04-02,17357,728428,12813,438442,3537,274735,1007,15251,11541,192811,5806,275016,12547,467827,California
Contra Costa,2021-04-03,10763,739191,6414,444856,2816,277551,1533,16784,6176,195946,4574,279590,7709,475536,California
Contra Costa,2021-04-04,3316,742507,1308,446164,1414,278965,594,17378,892,195013,2419,282009,1486,477022,California
Contra Costa,2021-04-05,12012,754519,7841,454005,3209,282174,962,18340,6575,197122,5428,287437,7537,484559,California
Contra Costa,2021-04-06,17256,771775,11983,465988,3000,285174,2273,20613,9748,201653,7489,294926,12020,496579,California
Contra Costa,2021-04-07,18447,790222,12494,478482,3159,288333,2794,23407,10482,207021,7946,302872,13314,509893,California
Contra Costa,2021-04-08,18633,808855,12448,490930,3283,291616,2902,26309,10038,211378,8571,311443,12928,522821,California
Contra Costa,2021-04-09,18677,827532,11956,502886,4251,295867,2470,28779,10006,215206,8647,320090,12475,535296,California
Contra Costa,2021-04-10,10497,838029,3811,506697,2147,298014,4539,33318,3294,215840,7189,327279,7823,543119,California
Contra Costa,2021-04-11,3322,841351,1990,508687,682,298696,650,33968,1130,215435,2187,329466,1782,544901,California
Contra Costa,2021-04-12,11846,853197,7851,516538,2961,301657,1034,35002,5602,215844,6231,335697,6640,551541,California
Contra Costa,2021-04-13,17791,870988,10881,527419,6905,308562,5,35007,11893,221871,5877,341574,11904,563445,California
Contra Costa,2021-04-14,17509,888497,10980,538399,6528,315090,1,35008,9700,223786,7789,349363,9704,573149,California
Contra Costa,2021-04-15,17400,905897,10672,549071,6727,321817,1,35009,8078,222590,9293,358656,8097,581246,California
Contra Costa,2021-04-16,16841,922738,10514,559585,6326,328143,1,35010,7606,220992,9210,367866,7612,588858,California
Contra Costa,2021-04-17,11377,934115,6259,565844,5118,333261,0,35010,6109,221852,5254,373120,6114,594972,California
Contra Costa,2021-04-18,2728,936843,2109,567953,619,333880,0,35010,1779,222689,942,374062,1779,596751,California
Contra Costa,2021-04-19,11313,948156,8462,576415,2851,336731,0,35010,3547,218495,7743,381805,3549,600300,California
Contra Costa,2021-04-20,16608,964764,10790,587205,5818,342549,0,35010,6250,214416,10333,392138,6254,606554,California
Contra Costa,2021-04-21,17271,982035,14100,601305,3171,345720,0,35010,6157,209502,11079,403217,6165,612719,California
Contra Costa,2021-04-22,17103,999138,13864,615169,3238,348958,1,35011,6063,204566,11010,414227,6074,618793,California
Contra Costa,2021-04-23,16914,1016052,13458,628627,3456,352414,0,35011,5460,198613,11420,425647,5467,624260,California
Contra Costa,2021-04-24,10846,1026898,8387,637014,2459,354873,0,35011,4133,196057,6693,432340,4137,628397,California
Contra Costa,2021-04-25,3198,1030096,2148,639162,1048,355921,2,35013,2008,196884,1186,433526,2013,630410,California
Contra Costa,2021-04-26,9509,1039605,8064,647226,1421,357342,24,35037,2781,192986,6713,440239,2815,633225,California
Contra Costa,2021-04-27,14106,1053711,10416,657642,3549,360891,141,35178,3788,186625,10300,450539,3939,637164,California
Contra Costa,2021-04-28,13564,1067275,10612,668254,2693,363584,259,35437,3341,180039,10190,460729,3604,640768,California
Contra Costa,2021-04-29,10789,1078064,8443,676697,2194,365778,152,35589,2206,173837,8563,469292,2361,643129,California
Contra Costa,2021-04-30,11227,1089291,9293,685990,1833,367611,101,35690,2278,167289,8932,478224,2384,645513,California
Del Norte,2020-12-21,23,23,23,23,0,0,0,0,23,23,0,0,23,23,California
Del Norte,2020-12-22,46,69,46,69,0,0,0,0,46,69,0,0,46,69,California
Del Norte,2020-12-23,58,127,48,117,10,10,0,0,57,126,0,0,57,126,California
Del Norte,2020-12-28,34,161,34,151,0,10,0,0,34,160,0,0,34,160,California
Del Norte,2020-12-29,4,165,4,155,0,10,0,0,4,164,0,0,4,164,California
Del Norte,2020-12-30,67,232,55,210,12,22,0,0,68,232,0,0,68,232,California
Del Norte,2020-12-31,16,248,13,223,3,25,0,0,16,248,0,0,16,248,California
Del Norte,2021-01-04,102,350,49,272,53,78,0,0,102,350,0,0,102,350,California
Del Norte,2021-01-05,32,382,0,272,32,110,0,0,32,382,0,0,32,382,California
Del Norte,2021-01-06,77,459,18,290,59,169,0,0,77,459,0,0,77,459,California
Del Norte,2021-01-07,21,480,1,291,20,189,0,0,21,480,0,0,21,480,California
Del Norte,2021-01-08,78,558,7,298,71,260,0,0,78,558,0,0,78,558,California
Del Norte,2021-01-11,40,598,21,319,19,279,0,0,18,555,22,22,19,577,California
Del Norte,2021-01-12,51,649,32,351,19,298,0,0,30,564,21,43,30,607,California
Del Norte,2021-01-13,85,734,40,391,45,343,0,0,52,583,33,76,52,659,California
Del Norte,2021-01-14,52,786,14,405,38,381,0,0,46,623,6,82,46,705,California
Del Norte,2021-01-15,107,893,18,423,89,470,0,0,95,706,12,94,95,800,California
Del Norte,2021-01-17,1,894,1,424,0,470,0,0,1,707,0,94,1,801,California
Del Norte,2021-01-18,2,896,0,424,2,472,0,0,2,709,0,94,2,803,California
Del Norte,2021-01-19,119,1015,56,480,63,535,0,0,77,744,42,136,77,880,California
Del Norte,2021-01-20,158,1173,84,564,74,609,0,0,96,778,62,198,96,976,California
Del Norte,2021-01-21,43,1216,40,604,3,612,0,0,32,799,11,209,32,1008,California
Del Norte,2021-01-22,20,1236,17,621,3,615,0,0,13,805,7,216,13,1021,California
Del Norte,2021-01-23,1,1237,0,621,1,616,0,0,1,806,0,216,1,1022,California
Del Norte,2021-01-24,1,1238,0,621,1,617,0,0,1,807,0,216,1,1023,California
Del Norte,2021-01-25,100,1338,82,703,18,635,0,0,56,819,44,260,56,1079,California
Del Norte,2021-01-26,18,1356,11,714,7,642,0,0,7,815,11,271,7,1086,California
Del Norte,2021-01-27,64,1420,21,735,43,685,0,0,61,873,3,274,61,1147,California
Del Norte,2021-01-28,291,1711,20,755,271,956,0,0,286,1154,5,279,286,1433,California
Del Norte,2021-01-29,54,1765,21,776,33,989,0,0,44,1188,10,289,44,1477,California
Del Norte,2021-01-30,8,1773,1,777,7,996,0,0,8,1196,0,289,8,1485,California
Del Norte,2021-02-01,41,1814,1,778,40,1036,0,0,26,1207,15,304,26,1511,California
Del Norte,2021-02-02,142,1956,34,812,108,1144,0,0,73,1212,68,372,73,1584,California
Del Norte,2021-02-03,126,2082,40,852,86,1230,0,0,71,1228,55,427,71,1655,California
Del Norte,2021-02-04,71,2153,29,881,42,1272,0,0,42,1241,29,456,42,1697,California
Del Norte,2021-02-05,184,2337,22,903,162,1434,0,0,119,1296,64,520,119,1816,California
Del Norte,2021-02-06,312,2649,6,909,306,1740,0,0,312,1608,0,520,312,2128,California
Del Norte,2021-02-07,2,2651,1,910,1,1741,0,0,2,1610,0,520,2,2130,California
Del Norte,2021-02-08,36,2687,1,911,35,1776,0,0,32,1638,4,524,32,2162,California
Del Norte,2021-02-09,8,2695,5,916,3,1779,0,0,2,1634,6,530,2,2164,California
Del Norte,2021-02-10,143,2838,20,936,123,1902,0,0,86,1664,56,586,86,2250,California
Del Norte,2021-02-11,176,3014,59,995,117,2019,0,0,64,1616,112,698,64,2314,California
Del Norte,2021-02-12,121,3135,14,1009,107,2126,0,0,67,1629,54,752,67,2381,California
Del Norte,2021-02-13,2,3137,1,1010,1,2127,0,0,2,1631,0,752,2,2383,California
Del Norte,2021-02-14,3,3140,1,1011,2,2129,0,0,2,1632,1,753,2,2385,California
Del Norte,2021-02-15,4,3144,0,1011,4,2133,0,0,2,1632,2,755,2,2387,California
Del Norte,2021-02-16,132,3276,1,1012,131,2264,0,0,13,1526,119,874,13,2400,California
Del Norte,2021-02-17,91,3367,20,1032,71,2335,0,0,24,1483,67,941,24,2424,California
Del Norte,2021-02-18,77,3444,24,1056,53,2388,0,0,51,1508,26,967,51,2475,California
Del Norte,2021-02-19,43,3487,17,1073,26,2414,0,0,33,1531,10,977,33,2508,California
Del Norte,2021-02-20,8,3495,5,1078,3,2417,0,0,6,1535,2,979,6,2514,California
Del Norte,2021-02-22,2,3497,0,1078,2,2419,0,0,2,1537,0,979,2,2516,California
Del Norte,2021-02-23,107,3604,89,1167,18,2437,0,0,31,1493,76,1055,32,2548,California
Del Norte,2021-02-24,152,3756,98,1265,54,2491,0,0,79,1499,73,1128,79,2627,California
Del Norte,2021-02-25,475,4231,131,1396,344,2835,0,0,212,1450,261,1389,212,2839,California
Del Norte,2021-02-26,212,4443,176,1572,36,2871,0,0,166,1570,46,1435,166,3005,California
Del Norte,2021-02-27,152,4595,145,1717,6,2877,1,1,141,1701,11,1446,142,3147,California
Del Norte,2021-02-28,4,4599,1,1718,3,2880,0,1,3,1703,1,1447,3,3150,California
Del Norte,2021-03-01,28,4627,2,1720,26,2906,0,1,4,1683,24,1471,4,3154,California
Del Norte,2021-03-02,220,4847,141,1861,79,2985,0,1,187,1837,33,1504,187,3341,California
Del Norte,2021-03-03,167,5014,99,1960,68,3053,0,1,126,1922,41,1545,126,3467,California
Del Norte,2021-03-04,120,5134,83,2043,37,3090,0,1,91,1985,28,1573,91,3558,California
Del Norte,2021-03-05,119,5253,9,2052,110,3200,0,1,71,2008,48,1621,71,3629,California
Del Norte,2021-03-06,466,5719,78,2130,338,3538,50,51,164,1877,302,1923,171,3800,California
Del Norte,2021-03-07,2,5721,1,2131,1,3539,0,51,1,1877,1,1924,1,3801,California
Del Norte,2021-03-08,28,5749,1,2132,25,3564,2,53,5,1861,23,1947,7,3808,California
Del Norte,2021-03-09,194,5943,112,2244,79,3643,3,56,183,2036,11,1958,186,3994,California
Del Norte,2021-03-10,233,6176,96,2340,109,3752,28,84,134,2099,99,2057,162,4156,California
Del Norte,2021-03-11,151,6327,55,2395,91,3843,5,89,103,2159,48,2105,108,4264,California
Del Norte,2021-03-12,177,6504,89,2484,88,3931,0,89,124,2230,53,2158,124,4388,California
Del Norte,2021-03-13,94,6598,93,2577,1,3932,0,89,91,2318,3,2161,91,4479,California
Del Norte,2021-03-14,1,6599,0,2577,1,3933,0,89,1,2318,1,2162,1,4480,California
Del Norte,2021-03-15,38,6637,0,2577,38,3971,0,89,34,2348,4,2166,34,4514,California
Del Norte,2021-03-16,280,6917,135,2712,145,4116,0,89,259,2586,21,2187,259,4773,California
Del Norte,2021-03-17,282,7199,95,2807,185,4301,2,91,168,2642,114,2301,170,4943,California
Del Norte,2021-03-18,285,7484,107,2914,175,4476,3,94,149,2659,135,2436,152,5095,California
Del Norte,2021-03-19,266,7750,159,3073,101,4577,6,100,91,2581,175,2611,97,5192,California
Del Norte,2021-03-20,158,7908,155,3228,3,4580,0,100,16,2455,142,2753,16,5208,California
Del Norte,2021-03-21,4,7912,2,3230,2,4582,0,100,2,2455,2,2755,2,5210,California
Del Norte,2021-03-22,42,7954,3,3233,38,4620,1,101,39,2492,3,2758,40,5250,California
Del Norte,2021-03-23,335,8289,164,3397,153,4773,18,119,165,2506,168,2926,182,5432,California
Del Norte,2021-03-24,396,8685,107,3504,248,5021,41,160,236,2623,160,3086,277,5709,California
Del Norte,2021-03-25,193,8878,89,3593,104,5125,0,160,85,2601,107,3193,85,5794,California
Del Norte,2021-03-26,231,9109,112,3705,119,5244,0,160,197,2764,34,3227,197,5991,California
Del Norte,2021-03-27,108,9217,87,3792,4,5248,17,177,17,2707,91,3318,34,6025,California
Del Norte,2021-03-28,4,9221,2,3794,2,5250,0,177,1,2705,3,3321,1,6026,California
Del Norte,2021-03-29,57,9278,6,3800,34,5284,17,194,32,2729,25,3346,49,6075,California
Del Norte,2021-03-30,339,9617,118,3918,210,5494,11,205,128,2657,211,3557,139,6214,California
Del Norte,2021-03-31,350,9967,99,4017,234,5728,17,222,195,2716,153,3710,212,6426,California
Del Norte,2021-04-01,165,10132,59,4076,72,5800,34,256,70,2726,94,3804,104,6530,California
Del Norte,2021-04-02,230,10362,78,4154,103,5903,49,305,47,2640,183,3987,97,6627,California
Del Norte,2021-04-03,106,10468,82,4236,2,5905,22,327,4,2565,101,4088,26,6653,California
Del Norte,2021-04-04,4,10472,0,4236,0,5905,4,331,0,2565,4,4092,4,6657,California
Del Norte,2021-04-05,50,10522,5,4241,41,5946,4,335,42,2604,7,4099,46,6703,California
Del Norte,2021-04-06,378,10900,119,4360,222,6168,37,372,145,2558,229,4328,183,6886,California
Del Norte,2021-04-07,427,11327,114,4474,252,6420,61,433,280,2753,146,4474,341,7227,California
Del Norte,2021-04-08,233,11560,54,4528,111,6531,68,501,111,2810,122,4596,179,7406,California
Del Norte,2021-04-09,204,11764,47,4575,80,6611,77,578,98,2878,105,4701,173,7579,California
Del Norte,2021-04-10,48,11812,27,4602,4,6615,17,595,27,2901,21,4722,44,7623,California
Del Norte,2021-04-11,12,11824,3,4605,2,6617,7,602,2,2900,10,4732,9,7632,California
Del Norte,2021-04-12,28,11852,1,4606,9,6626,18,620,1,2893,26,4758,19,7651,California
Del Norte,2021-04-13,297,12149,49,4655,248,6874,0,620,155,2906,142,4900,155,7806,California
Del Norte,2021-04-14,326,12475,23,4678,303,7177,0,620,137,2859,189,5089,142,7948,California
Del Norte,2021-04-15,163,12638,30,4708,133,7310,0,620,44,2785,119,5208,45,7993,California
Del Norte,2021-04-16,160,12798,39,4747,121,7431,0,620,58,2742,102,5310,59,8052,California
Del Norte,2021-04-17,100,12898,69,4816,31,7462,0,620,95,2832,5,5315,95,8147,California
Del Norte,2021-04-18,4,12902,3,4819,1,7463,0,620,3,2834,1,5316,3,8150,California
Del Norte,2021-04-19,50,12952,6,4825,44,7507,0,620,8,2800,42,5358,8,8158,California
Del Norte,2021-04-20,209,13161,40,4865,169,7676,0,620,74,2739,135,5493,74,8232,California
Del Norte,2021-04-21,287,13448,22,4887,265,7941,0,620,63,2581,224,5717,66,8298,California
Del Norte,2021-04-22,114,13562,15,4902,99,8040,0,620,62,2591,52,5769,62,8360,California
Del Norte,2021-04-23,151,13713,20,4922,131,8171,0,620,39,2518,112,5881,39,8399,California
Del Norte,2021-04-24,24,13737,14,4936,10,8181,0,620,19,2532,5,5886,19,8418,California
Del Norte,2021-04-25,2,13739,0,4936,2,8183,0,620,2,2534,0,5886,2,8420,California
Del Norte,2021-04-26,29,13768,0,4936,29,8212,0,620,7,2519,22,5908,7,8427,California
Del Norte,2021-04-27,173,13941,19,4955,149,8361,5,625,47,2445,126,6034,52,8479,California
Del Norte,2021-04-28,269,14210,29,4984,236,8597,4,629,52,2288,214,6248,57,8536,California
Del Norte,2021-04-29,84,14294,7,4991,74,8671,3,632,20,2247,64,6312,23,8559,California
Del Norte,2021-04-30,64,14358,1,4992,53,8724,10,642,41,2275,23,6335,51,8610,California
El Dorado,2020-12-15,12,12,12,12,0,0,0,0,12,12,0,0,12,12,California
El Dorado,2020-12-16,40,52,40,52,0,0,0,0,40,52,0,0,40,52,California
El Dorado,2020-12-17,31,83,31,83,0,0,0,0,31,83,0,0,31,83,California
El Dorado,2020-12-18,236,319,236,319,0,0,0,0,236,319,0,0,236,319,California
El Dorado,2020-12-19,116,435,116,435,0,0,0,0,116,435,0,0,116,435,California
El Dorado,2020-12-20,85,520,85,520,0,0,0,0,85,520,0,0,85,520,California
El Dorado,2020-12-21,308,828,307,827,1,1,0,0,308,828,0,0,308,828,California
El Dorado,2020-12-22,238,1066,214,1041,24,25,0,0,238,1066,0,0,238,1066,California
El Dorado,2020-12-23,189,1255,140,1181,49,74,0,0,189,1255,0,0,189,1255,California
El Dorado,2020-12-24,87,1342,66,1247,21,95,0,0,87,1342,0,0,87,1342,California
El Dorado,2020-12-25,8,1350,8,1255,0,95,0,0,8,1350,0,0,8,1350,California
El Dorado,2020-12-26,44,1394,26,1281,18,113,0,0,44,1394,0,0,44,1394,California
El Dorado,2020-12-27,37,1431,33,1314,4,117,0,0,37,1431,0,0,37,1431,California
El Dorado,2020-12-28,216,1647,169,1483,47,164,0,0,216,1647,0,0,216,1647,California
El Dorado,2020-12-29,457,2104,141,1624,316,480,0,0,457,2104,0,0,457,2104,California
El Dorado,2020-12-30,506,2610,136,1760,370,850,0,0,506,2610,0,0,506,2610,California
El Dorado,2020-12-31,110,2720,70,1830,40,890,0,0,110,2720,0,0,110,2720,California
El Dorado,2021-01-01,7,2727,4,1834,3,893,0,0,7,2727,0,0,7,2727,California
El Dorado,2021-01-02,151,2878,140,1974,11,904,0,0,151,2878,0,0,151,2878,California
El Dorado,2021-01-03,92,2970,17,1991,75,979,0,0,92,2970,0,0,92,2970,California
El Dorado,2021-01-04,189,3159,62,2053,127,1106,0,0,189,3159,0,0,189,3159,California
El Dorado,2021-01-05,204,3363,50,2103,154,1260,0,0,188,3331,16,16,188,3347,California
El Dorado,2021-01-06,262,3625,189,2292,73,1333,0,0,198,3465,64,80,198,3545,California
El Dorado,2021-01-07,329,3954,136,2428,193,1526,0,0,258,3652,71,151,258,3803,California
El Dorado,2021-01-08,976,4930,501,2929,475,2001,0,0,773,4223,203,354,774,4577,California
El Dorado,2021-01-09,194,5124,157,3086,37,2038,0,0,126,4281,68,422,126,4703,California
El Dorado,2021-01-10,180,5304,129,3215,51,2089,0,0,110,4322,70,492,111,4814,California
El Dorado,2021-01-11,659,5963,293,3508,366,2455,0,0,460,4585,198,690,461,5275,California
El Dorado,2021-01-12,694,6657,422,3930,272,2727,0,0,445,4781,249,939,445,5720,California
El Dorado,2021-01-13,699,7356,296,4226,403,3130,0,0,538,5158,161,1100,538,6258,California
El Dorado,2021-01-14,691,8047,219,4445,472,3602,0,0,596,5659,95,1195,596,6854,California
El Dorado,2021-01-15,683,8730,185,4630,498,4100,0,0,611,6198,72,1267,611,7465,California
El Dorado,2021-01-16,173,8903,104,4734,69,4169,0,0,146,6317,27,1294,146,7611,California
El Dorado,2021-01-17,100,9003,47,4781,53,4222,0,0,83,6383,17,1311,83,7694,California
El Dorado,2021-01-18,417,9420,138,4919,279,4501,0,0,349,6664,68,1379,349,8043,California
El Dorado,2021-01-19,650,10070,352,5271,298,4799,0,0,501,7017,149,1528,502,8545,California
El Dorado,2021-01-20,1010,11080,686,5957,324,5123,0,0,898,7804,111,1639,898,9443,California
El Dorado,2021-01-21,1156,12236,572,6529,584,5707,0,0,951,8591,164,1803,951,10394,California
El Dorado,2021-01-22,1103,13339,710,7239,393,6100,0,0,1049,9587,53,1856,1049,11443,California
El Dorado,2021-01-23,736,14075,617,7856,119,6219,0,0,625,10101,111,1967,625,12068,California
El Dorado,2021-01-24,126,14201,76,7932,50,6269,0,0,107,10189,19,1986,107,12175,California
El Dorado,2021-01-25,610,14811,204,8136,406,6675,0,0,522,10623,88,2074,522,12697,California
El Dorado,2021-01-26,675,15486,364,8500,311,6986,0,0,571,11091,104,2178,572,13269,California
El Dorado,2021-01-27,927,16413,329,8829,598,7584,0,0,591,11345,337,2515,591,13860,California
El Dorado,2021-01-28,1106,17519,453,9282,653,8237,0,0,745,11729,361,2876,745,14605,California
El Dorado,2021-01-29,975,18494,490,9772,485,8722,0,0,745,12246,229,3105,746,15351,California
El Dorado,2021-01-30,611,19105,359,10131,252,8974,0,0,450,12535,161,3266,450,15801,California
El Dorado,2021-01-31,209,19314,188,10319,21,8995,0,0,180,12686,29,3295,180,15981,California
El Dorado,2021-02-01,799,20113,368,10687,431,9426,0,0,655,13198,143,3438,655,16636,California
El Dorado,2021-02-02,837,20950,367,11054,470,9896,0,0,677,13715,160,3598,677,17313,California
El Dorado,2021-02-03,899,21849,475,11529,424,10320,0,0,686,14188,213,3811,686,17999,California
El Dorado,2021-02-04,1266,23115,723,12252,543,10863,0,0,871,14665,394,4205,871,18870,California
El Dorado,2021-02-05,1484,24599,598,12850,886,11749,0,0,868,14952,581,4786,868,19738,California
El Dorado,2021-02-06,639,25238,334,13184,305,12054,0,0,530,15374,109,4895,531,20269,California
El Dorado,2021-02-07,256,25494,176,13360,80,12134,0,0,192,15502,64,4959,192,20461,California
El Dorado,2021-02-08,879,26373,417,13777,462,12596,0,0,606,15835,273,5232,606,21067,California
El Dorado,2021-02-09,909,27282,487,14264,422,13018,0,0,487,15900,422,5654,487,21554,California
El Dorado,2021-02-10,1247,28529,729,14993,518,13536,0,0,656,15966,590,6244,656,22210,California
El Dorado,2021-02-11,2153,30682,891,15884,1262,14798,0,0,964,15745,1186,7430,965,23175,California
El Dorado,2021-02-12,1569,32251,823,16707,746,15544,0,0,678,15533,891,8321,679,23854,California
El Dorado,2021-02-13,978,33229,669,17376,309,15853,0,0,434,15426,541,8862,434,24288,California
El Dorado,2021-02-14,479,33708,153,17529,326,16179,0,0,396,15739,83,8945,396,24684,California
El Dorado,2021-02-15,1185,34893,387,17916,798,16977,0,0,829,16215,356,9301,832,25516,California
El Dorado,2021-02-16,1195,36088,529,18445,666,17643,0,0,675,16372,519,9820,676,26192,California
El Dorado,2021-02-17,900,36988,373,18818,527,18170,0,0,420,16314,480,10300,422,26614,California
El Dorado,2021-02-18,2086,39074,1012,19830,1074,19244,0,0,1353,16935,732,11032,1353,27967,California
El Dorado,2021-02-19,1167,40241,603,20433,564,19808,0,0,646,17061,521,11553,647,28614,California
El Dorado,2021-02-20,916,41157,435,20868,481,20289,0,0,668,17487,242,11795,668,29282,California
El Dorado,2021-02-21,282,41439,225,21093,57,20346,0,0,99,17404,182,11977,99,29381,California
El Dorado,2021-02-22,868,42307,434,21527,434,20780,0,0,285,17107,582,12559,285,29666,California
El Dorado,2021-02-23,842,43149,472,21999,370,21150,0,0,350,16966,491,13050,350,30016,California
El Dorado,2021-02-24,1016,44165,439,22438,577,21727,0,0,421,16793,595,13645,422,30438,California
El Dorado,2021-02-25,1633,45798,886,23324,747,22474,0,0,725,16618,902,14547,727,31165,California
El Dorado,2021-02-26,2352,48150,1482,24806,870,23344,0,0,1587,17442,763,15310,1587,32752,California
El Dorado,2021-02-27,1658,49808,439,25245,1219,24563,0,0,1219,18225,436,15746,1219,33971,California
El Dorado,2021-02-28,586,50394,204,25449,382,24945,0,0,434,18508,152,15898,435,34406,California
El Dorado,2021-03-01,1136,51530,452,25901,684,25629,0,0,624,18621,511,16409,624,35030,California
El Dorado,2021-03-02,900,52430,266,26167,634,26263,0,0,461,18645,437,16846,461,35491,California
El Dorado,2021-03-03,1679,54109,463,26630,1216,27479,0,0,1151,19277,521,17367,1153,36644,California
El Dorado,2021-03-04,2511,56620,1548,28178,963,28442,0,0,1227,19223,1281,18648,1227,37871,California
El Dorado,2021-03-05,1574,58194,422,28600,1147,29589,5,5,1043,19745,526,19174,1048,38919,California
El Dorado,2021-03-06,739,58933,210,28810,494,30083,35,40,392,19825,347,19521,427,39346,California
El Dorado,2021-03-07,404,59337,197,29007,189,30272,18,58,241,19923,161,19682,259,39605,California
El Dorado,2021-03-08,1325,60662,364,29371,890,31162,71,129,856,20384,466,20148,927,40532,California
El Dorado,2021-03-09,970,61632,225,29596,678,31840,67,196,572,20640,383,20531,639,41171,California
El Dorado,2021-03-10,943,62575,343,29939,544,32384,56,252,544,20846,393,20924,599,41770,California
El Dorado,2021-03-11,2995,65570,1826,31765,987,33371,182,434,1365,20778,1614,22538,1546,43316,California
El Dorado,2021-03-12,1778,67348,619,32384,912,34283,247,681,741,20747,1019,23557,988,44304,California
El Dorado,2021-03-13,1063,68411,344,32728,436,34719,283,964,375,20718,685,24242,656,44960,California
El Dorado,2021-03-14,791,69202,207,32935,472,35191,112,1076,280,20599,511,24753,392,45352,California
El Dorado,2021-03-15,1400,70602,302,33237,972,36163,126,1202,611,20552,785,25538,738,46090,California
El Dorado,2021-03-16,1209,71811,406,33643,659,36822,144,1346,568,20629,635,26173,712,46802,California
El Dorado,2021-03-17,1087,72898,351,33994,642,37464,94,1440,702,21040,385,26558,796,47598,California
El Dorado,2021-03-18,2969,75867,1749,35743,1176,38640,44,1484,1982,22086,980,27538,2026,49624,California
El Dorado,2021-03-19,1104,76971,363,36106,597,39237,144,1628,629,22385,475,28013,774,50398,California
El Dorado,2021-03-20,944,77915,268,36374,659,39896,17,1645,365,22199,568,28581,382,50780,California
El Dorado,2021-03-21,1027,78942,418,36792,604,40500,5,1650,937,23053,88,28669,942,51722,California
El Dorado,2021-03-22,1500,80442,488,37280,930,41430,82,1732,1192,24024,303,28972,1274,52996,California
El Dorado,2021-03-23,1142,81584,449,37729,601,42031,92,1824,734,24453,397,29369,826,53822,California
El Dorado,2021-03-24,1451,83035,620,38349,635,42666,196,2020,659,24544,764,30133,855,54677,California
El Dorado,2021-03-25,2472,85507,1672,40021,697,43363,103,2123,1367,24915,1099,31232,1470,56147,California
El Dorado,2021-03-26,1812,87319,694,40715,1009,44372,109,2232,946,25126,845,32077,1056,57203,California
El Dorado,2021-03-27,1311,88630,188,40903,1119,45491,4,2236,334,24493,971,33048,338,57541,California
El Dorado,2021-03-28,619,89249,181,41084,429,45920,9,2245,202,24290,414,33462,211,57752,California
El Dorado,2021-03-29,1306,90555,431,41515,859,46779,16,2261,823,24649,480,33942,839,58591,California
El Dorado,2021-03-30,1355,91910,411,41926,852,47631,92,2353,700,24792,648,34590,791,59382,California
El Dorado,2021-03-31,1560,93470,583,42509,914,48545,63,2416,706,24707,852,35442,767,60149,California
El Dorado,2021-04-01,3205,96675,1745,44254,1378,49923,82,2498,1518,24623,1685,37127,1601,61750,California
El Dorado,2021-04-02,1878,98553,556,44810,1227,51150,95,2593,753,24350,1121,38248,848,62598,California
El Dorado,2021-04-03,743,99296,290,45100,332,51482,121,2714,223,24175,518,38766,343,62941,California
El Dorado,2021-04-04,269,99565,85,45185,137,51619,47,2761,97,24148,171,38937,144,63085,California
El Dorado,2021-04-05,1419,100984,423,45608,902,52521,94,2855,591,24009,823,39760,684,63769,California
El Dorado,2021-04-06,1407,102391,518,46126,668,53189,221,3076,448,23720,957,40717,668,64437,California
El Dorado,2021-04-07,1563,103954,552,46678,566,53755,445,3521,554,23710,1006,41723,996,65433,California
El Dorado,2021-04-08,2666,106620,1721,48399,709,54464,236,3757,1114,23515,1544,43267,1349,66782,California
El Dorado,2021-04-09,1405,108025,439,48838,748,55212,218,3975,558,23443,845,44112,773,67555,California
El Dorado,2021-04-10,818,108843,219,49057,490,55702,109,4084,474,23683,342,44454,582,68137,California
El Dorado,2021-04-11,697,109540,452,49509,229,55931,16,4100,205,23413,491,44945,221,68358,California
El Dorado,2021-04-12,1278,110818,499,50008,631,56562,148,4248,562,23413,709,45654,709,69067,California
El Dorado,2021-04-13,1113,111931,608,50616,505,57067,0,4248,508,23320,601,46255,508,69575,California
El Dorado,2021-04-14,1066,112997,436,51052,629,57696,1,4249,364,22996,689,46944,365,69940,California
El Dorado,2021-04-15,2483,115480,1670,52722,813,58509,0,4249,962,22441,1518,48462,963,70903,California
El Dorado,2021-04-16,1453,116933,515,53237,938,59447,0,4249,607,22208,841,49303,608,71511,California
El Dorado,2021-04-17,752,117685,196,53433,556,60003,0,4249,479,22415,272,49575,479,71990,California
El Dorado,2021-04-18,968,118653,80,53513,888,60891,0,4249,401,22250,566,50141,401,72391,California
El Dorado,2021-04-19,1701,120354,435,53948,1266,62157,0,4249,691,21937,1004,51145,691,73082,California
El Dorado,2021-04-20,1106,121460,357,54305,749,62906,0,4249,460,21755,642,51787,460,73542,California
El Dorado,2021-04-21,1151,122611,464,54769,684,63590,3,4252,588,21787,557,52344,589,74131,California
El Dorado,2021-04-22,2515,125126,1664,56433,851,64441,0,4252,1065,21403,1449,53793,1065,75196,California
El Dorado,2021-04-23,1380,126506,493,56926,887,65328,0,4252,703,21433,674,54467,704,75900,California
El Dorado,2021-04-24,961,127467,510,57436,451,65779,0,4252,732,21938,227,54694,732,76632,California
El Dorado,2021-04-25,611,128078,433,57869,178,65957,0,4252,440,22207,171,54865,440,77072,California
El Dorado,2021-04-26,1028,129106,429,58298,583,66540,16,4268,501,22198,526,55391,517,77589,California
El Dorado,2021-04-27,934,130040,347,58645,559,67099,28,4296,431,22159,498,55889,459,78048,California
El Dorado,2021-04-28,826,130866,329,58974,456,67555,41,4337,339,22053,486,56375,380,78428,California
El Dorado,2021-04-29,1649,132515,1166,60140,457,68012,26,4363,404,21240,1243,57618,430,78858,California
El Dorado,2021-04-30,1290,133805,1016,61156,265,68277,9,4372,1000,21967,282,57900,1009,79867,California
Fresno,2020-12-15,2,2,2,2,0,0,0,0,2,2,0,0,2,2,California
Fresno,2020-12-16,121,123,121,123,0,0,0,0,121,123,0,0,121,123,California
Fresno,2020-12-17,120,243,120,243,0,0,0,0,120,243,0,0,120,243,California
Fresno,2020-12-18,343,586,343,586,0,0,0,0,343,586,0,0,343,586,California
Fresno,2020-12-19,157,743,157,743,0,0,0,0,157,743,0,0,157,743,California
Fresno,2020-12-20,258,1001,256,999,2,2,0,0,258,1001,0,0,258,1001,California
Fresno,2020-12-21,926,1927,925,1924,1,3,0,0,957,1958,0,0,957,1958,California
Fresno,2020-12-22,901,2828,872,2796,29,32,0,0,905,2863,0,0,905,2863,California
Fresno,2020-12-23,1087,3915,1046,3842,41,73,0,0,1088,3951,0,0,1088,3951,California
Fresno,2020-12-24,581,4496,562,4404,19,92,0,0,581,4532,0,0,581,4532,California
Fresno,2020-12-25,2,4498,1,4405,1,93,0,0,2,4534,0,0,2,4534,California
Fresno,2020-12-26,722,5220,713,5118,9,102,0,0,722,5256,0,0,722,5256,California
Fresno,2020-12-27,300,5520,204,5322,96,198,0,0,300,5556,0,0,300,5556,California
Fresno,2020-12-28,1062,6582,775,6097,287,485,0,0,1063,6619,0,0,1063,6619,California
Fresno,2020-12-29,1770,8352,1040,7137,730,1215,0,0,1768,8386,1,1,1768,8387,California
Fresno,2020-12-30,981,9333,478,7615,503,1718,0,0,981,9367,0,1,981,9368,California
Fresno,2020-12-31,897,10230,310,7925,587,2305,0,0,896,10263,0,1,896,10264,California
Fresno,2021-01-01,9,10239,3,7928,6,2311,0,0,9,10272,0,1,9,10273,California
Fresno,2021-01-02,1031,11270,717,8645,314,2625,0,0,1031,11303,0,1,1031,11304,California
Fresno,2021-01-03,153,11423,128,8773,25,2650,0,0,153,11456,0,1,153,11457,California
Fresno,2021-01-04,615,12038,375,9148,240,2890,0,0,615,12071,0,1,615,12072,California
Fresno,2021-01-05,778,12816,312,9460,466,3356,0,0,704,12701,74,75,704,12776,California
Fresno,2021-01-06,975,13791,346,9806,629,3985,0,0,803,13332,172,247,803,13579,California
Fresno,2021-01-07,1886,15677,915,10721,971,4956,0,0,1633,14715,253,500,1636,15215,California
Fresno,2021-01-08,1780,17457,613,11334,1167,6123,0,0,1416,15769,362,862,1416,16631,California
Fresno,2021-01-09,628,18085,386,11720,242,6365,0,0,354,15849,274,1136,354,16985,California
Fresno,2021-01-10,515,18600,485,12205,30,6395,0,0,202,15738,313,1449,202,17187,California
Fresno,2021-01-11,2158,20758,1751,13956,407,6802,0,0,1465,16513,693,2142,1468,18655,California
Fresno,2021-01-12,2524,23282,1826,15782,698,7500,0,0,1677,17343,849,2991,1679,20334,California
Fresno,2021-01-13,3537,26819,2422,18204,1115,8615,0,0,2681,19170,856,3847,2683,23017,California
Fresno,2021-01-14,4150,30969,2198,20402,1952,10567,0,0,3680,22381,469,4316,3680,26697,California
Fresno,2021-01-15,3645,34614,2532,22934,1113,11680,0,0,3287,25314,358,4674,3291,29988,California
Fresno,2021-01-16,3150,37764,2308,25242,842,12522,0,0,2686,27538,463,5137,2687,32675,California
Fresno,2021-01-17,977,38741,556,25798,421,12943,0,0,779,28119,198,5335,779,33454,California
Fresno,2021-01-18,3074,41815,2367,28165,707,13650,0,0,2409,29867,663,5998,2411,35865,California
Fresno,2021-01-19,4326,46141,2539,30704,1787,15437,0,0,3676,32897,650,6648,3680,39545,California
Fresno,2021-01-20,2994,49135,1186,31890,1808,17245,0,0,2693,35291,302,6950,2696,42241,California
Fresno,2021-01-21,4349,53484,1999,33889,2350,19595,0,0,4001,38968,329,7279,4006,46247,California
Fresno,2021-01-22,3310,56794,1347,35236,1963,21558,0,0,2921,41518,372,7651,2922,49169,California
Fresno,2021-01-23,3043,59837,1970,37206,1073,22631,0,0,2320,43123,722,8373,2327,51496,California
Fresno,2021-01-24,552,60389,372,37578,180,22811,0,0,347,43268,205,8578,350,51846,California
Fresno,2021-01-25,2344,62733,865,38443,1479,24290,0,0,1856,44640,488,9066,1860,53706,California
Fresno,2021-01-26,2021,64754,584,39027,1437,25727,0,0,1316,45254,703,9769,1317,55023,California
Fresno,2021-01-27,2259,67013,1163,40190,1096,26823,0,0,1739,46477,519,10288,1742,56765,California
Fresno,2021-01-28,4491,71504,3055,43245,1436,28259,0,0,3473,48939,1014,11302,3476,60241,California
Fresno,2021-01-29,1702,73206,983,44228,719,28978,0,0,1405,50051,294,11596,1406,61647,California
Fresno,2021-01-30,1451,74657,551,44779,900,29878,0,0,1034,50668,417,12013,1034,62681,California
Fresno,2021-01-31,225,74882,216,44995,9,29887,0,0,71,50585,154,12167,71,62752,California
Fresno,2021-02-01,3330,78212,1663,46658,1667,31554,0,0,1817,50908,1512,13679,1835,64587,California
Fresno,2021-02-02,2717,80929,550,47208,2167,33721,0,0,1586,51394,1116,14795,1602,66189,California
Fresno,2021-02-03,3532,84461,2095,49303,1437,35158,0,0,1517,50911,2001,16796,1518,67707,California
Fresno,2021-02-04,4195,88656,1896,51199,2299,37457,0,0,1930,50611,2235,19031,1935,69642,California
Fresno,2021-02-05,5326,93982,2724,53923,2602,40059,0,0,2304,49902,3017,22048,2308,71950,California
Fresno,2021-02-06,2935,96917,2047,55970,888,40947,0,0,976,48924,1956,24004,978,72928,California
Fresno,2021-02-07,469,97386,288,56258,181,41128,0,0,275,49006,193,24197,275,73203,California
Fresno,2021-02-08,4274,101660,2292,58550,1982,43110,0,0,1812,48389,2438,26635,1821,75024,California
Fresno,2021-02-09,5329,106989,2081,60631,3248,46358,0,0,3120,49383,2134,28769,3128,78152,California
Fresno,2021-02-10,3879,110868,1234,61865,2645,49003,0,0,1987,49544,1837,30606,1998,80150,California
Fresno,2021-02-11,6447,117315,2090,63955,4357,53360,0,0,3383,49884,3049,33655,3389,83539,California
Fresno,2021-02-12,5381,122696,1384,65339,3997,57357,0,0,2745,50018,2617,36272,2751,86290,California
Fresno,2021-02-13,3733,126429,1547,66886,2186,59543,0,0,2081,50465,1640,37912,2087,88377,California
Fresno,2021-02-14,1562,127991,282,67168,1280,60823,0,0,849,50604,712,38624,851,89228,California
Fresno,2021-02-15,2886,130877,271,67439,2615,63438,0,0,1782,51290,1100,39724,1786,91014,California
Fresno,2021-02-16,6682,137559,2402,69841,4280,67718,0,0,4245,53122,2419,42143,4251,95265,California
Fresno,2021-02-17,5336,142895,2455,72296,2881,70599,0,0,2986,53807,2306,44449,2991,98256,California
Fresno,2021-02-18,6857,149752,2903,75199,3954,74553,0,0,2574,52158,4234,48683,2585,100841,California
Fresno,2021-02-19,3834,153586,1101,76300,2733,77286,0,0,1829,51995,1995,50678,1832,102673,California
Fresno,2021-02-20,4539,158125,2504,78804,2035,79321,0,0,3059,53587,1473,52151,3065,105738,California
Fresno,2021-02-21,188,158313,171,78975,17,79338,0,0,129,53670,46,52197,129,105867,California
Fresno,2021-02-22,2229,160542,1001,79976,1228,80566,0,0,1223,53900,997,53194,1227,107094,California
Fresno,2021-02-23,3891,164433,1482,81458,2409,82975,0,0,3032,56085,849,54043,3034,110128,California
Fresno,2021-02-24,4177,168610,1496,82954,2681,85656,0,0,3431,58784,735,54778,3434,113562,California
Fresno,2021-02-25,7485,176095,2525,85479,4960,90616,0,0,6029,63428,1392,56170,6036,119598,California
Fresno,2021-02-26,8326,184421,3039,88518,5287,95903,0,0,7044,69217,1261,57431,7050,126648,California
Fresno,2021-02-27,6295,190716,2204,90722,4091,99994,0,0,5606,74149,679,58110,5611,132259,California
Fresno,2021-02-28,1637,192353,532,91254,1105,101099,0,0,1548,75621,77,58187,1549,133808,California
Fresno,2021-03-01,4916,197269,1294,92548,3622,104721,0,0,3609,77941,1297,59484,3617,137425,California
Fresno,2021-03-02,8578,205847,2311,94859,6267,110988,0,0,7217,83844,1337,60821,7240,144665,California
Fresno,2021-03-03,6805,212652,1684,96543,5120,116108,1,1,5792,88751,1000,61821,5907,150572,California
Fresno,2021-03-04,8540,221192,2536,99079,6004,122112,0,1,7019,94283,1495,63316,7027,157599,California
Fresno,2021-03-05,7953,229145,2706,101785,5245,127357,2,3,6933,100406,887,64203,7010,164609,California
Fresno,2021-03-06,6469,235614,3541,105326,2811,130168,117,120,5522,105108,941,65144,5643,170252,California
Fresno,2021-03-07,1476,237090,677,106003,765,130933,34,154,1248,106165,226,65370,1283,171535,California
Fresno,2021-03-08,5057,242147,2016,108019,2888,133821,153,307,3881,109042,1168,66538,4045,175580,California
Fresno,2021-03-09,7075,249222,2389,110408,4416,138237,270,577,3957,110203,3101,69639,4262,179842,California
Fresno,2021-03-10,6616,255838,2742,113150,3481,141718,393,970,5221,114440,1385,71024,5622,185464,California
Fresno,2021-03-11,11376,267214,4558,117708,6251,147969,567,1537,6207,116164,5126,76150,6850,192314,California
Fresno,2021-03-12,11574,278788,4920,122628,6201,154170,453,1990,8580,122361,2977,79127,9174,201488,California
Fresno,2021-03-13,8166,286954,3901,126529,3240,157410,1025,3015,3919,123149,4228,83355,5016,206504,California
Fresno,2021-03-14,1746,288700,466,126995,1000,158410,280,3295,658,123006,1079,84434,936,207440,California
Fresno,2021-03-15,6971,295671,3050,130045,3751,162161,170,3465,4812,126026,2145,86579,5165,212605,California
Fresno,2021-03-16,10060,305731,4411,134456,5255,167416,394,3859,6045,128575,3986,90565,6535,219140,California
Fresno,2021-03-17,8529,314260,3873,138329,3962,171378,694,4553,5754,132646,2756,93321,6827,225967,California
Fresno,2021-03-18,12262,326522,6577,144906,5055,176433,630,5183,8025,137530,4193,97514,9077,235044,California
Fresno,2021-03-19,10740,337262,5626,150532,4500,180933,614,5797,7265,142255,3448,100962,8173,243217,California
Fresno,2021-03-20,7379,344641,4422,154954,2646,183579,311,6108,4519,144517,2837,103799,5099,248316,California
Fresno,2021-03-21,1772,346413,1200,156154,201,183780,371,6479,961,145043,807,104606,1333,249649,California
Fresno,2021-03-22,5643,352056,2888,159042,2160,185940,595,7074,3852,147914,1775,106381,4646,254295,California
Fresno,2021-03-23,10534,362590,5239,164281,4801,190741,494,7568,6065,150449,4451,110832,6986,261281,California
Fresno,2021-03-24,8596,371186,3629,167910,4138,194879,829,8397,4729,152225,3836,114668,5612,266893,California
Fresno,2021-03-25,12052,383238,5574,173484,5696,200575,782,9179,6184,153444,5829,120497,7048,273941,California
Fresno,2021-03-26,12009,395247,5327,178811,6038,206613,644,9823,5280,152706,6681,127178,5943,279884,California
Fresno,2021-03-27,9361,404608,4127,182938,4152,210765,1082,10905,2933,150332,6394,133572,4020,283904,California
Fresno,2021-03-28,3281,407889,1198,184136,1396,212161,687,11592,1257,150518,2017,135589,2203,286107,California
Fresno,2021-03-29,5988,413877,1975,186111,3471,215632,542,12134,2901,150910,3063,138652,3455,289562,California
Fresno,2021-03-30,10766,424643,4208,190319,5675,221307,883,13017,4465,149980,6277,144929,5347,294909,California
Fresno,2021-03-31,9245,433888,3319,193638,4944,226251,982,13999,3796,149345,5411,150340,4776,299685,California
Fresno,2021-04-01,11290,445178,4064,197702,6376,232627,850,14849,3913,146766,7301,157641,4722,304407,California
Fresno,2021-04-02,11548,456726,4403,202105,6360,238987,785,15634,4233,144628,7162,164803,5024,309431,California
Fresno,2021-04-03,6170,462896,3374,205479,2545,241532,251,15885,2221,143201,3937,168740,2510,311941,California
Fresno,2021-04-04,1490,464386,533,206012,913,242445,44,15929,565,142893,917,169657,609,312550,California
Fresno,2021-04-05,8246,472632,4454,210466,2995,245440,797,16726,2530,140582,5707,175364,3396,315946,California
Fresno,2021-04-06,9475,482107,3955,214421,4345,249785,1175,17901,3597,139522,5846,181210,4786,320732,California
Fresno,2021-04-07,10303,492410,5297,219718,3826,253611,1180,19081,3555,137572,6714,187924,4764,325496,California
Fresno,2021-04-08,10781,503191,5113,224831,4533,258144,1135,20216,3506,135021,7236,195160,4685,330181,California
Fresno,2021-04-09,10652,513843,5092,229923,4205,262349,1355,21571,3586,132958,7027,202187,4964,335145,California
Fresno,2021-04-10,7833,521676,5139,235062,2174,264523,520,22091,3727,133105,4101,206288,4248,339393,California
Fresno,2021-04-11,1389,523065,930,235992,370,264893,89,22180,450,132710,934,207222,539,339932,California
Fresno,2021-04-12,7094,530159,3755,239747,2437,267330,902,23082,2312,131163,4761,211983,3214,343146,California
Fresno,2021-04-13,8879,539038,4219,243966,4590,271920,70,23152,3506,129488,5342,217325,3667,346813,California
Fresno,2021-04-14,8817,547855,5132,249098,3684,275604,1,23153,3634,128018,5150,222475,3680,350493,California
Fresno,2021-04-15,7763,555618,3613,252711,4148,279752,2,23155,3004,126294,4733,227208,3009,353502,California
Fresno,2021-04-16,8933,564551,4239,256950,4692,284444,2,23157,3832,125071,5062,232270,3839,357341,California
Fresno,2021-04-17,5567,570118,3734,260684,1833,286277,0,23157,2719,124959,2833,235103,2721,360062,California
Fresno,2021-04-18,1018,571136,552,261236,466,286743,0,23157,474,124891,542,235645,474,360536,California
Fresno,2021-04-19,5393,576529,2914,264150,2475,289218,4,23161,2172,123882,3188,238833,2179,362715,California
Fresno,2021-04-20,6816,583345,3311,267461,3497,292715,8,23169,2542,122182,4251,243084,2551,365266,California
Fresno,2021-04-21,6241,589586,3408,270869,2825,295540,8,23177,2590,121158,3626,246710,2602,367868,California
Fresno,2021-04-22,6314,595900,3132,274001,3181,298721,1,23178,2332,119559,3935,250645,2336,370204,California
Fresno,2021-04-23,6934,602834,3748,277749,3167,301888,19,23197,2686,118039,4213,254858,2693,372897,California
Fresno,2021-04-24,4152,606986,2482,280231,1670,303558,0,23197,1958,117815,2182,257040,1958,374855,California
Fresno,2021-04-25,1342,608328,566,280797,774,304332,2,23199,665,117806,675,257715,666,375521,California
Fresno,2021-04-26,3745,612073,1840,282637,1866,306198,39,23238,1595,117310,2128,259843,1632,377153,California
Fresno,2021-04-27,4295,616368,2109,284746,2082,308280,104,23342,1651,116438,2627,262470,1755,378908,California
Fresno,2021-04-28,4304,620672,2356,287102,1831,310111,117,23459,1788,115844,2498,264968,1904,380812,California
Fresno,2021-04-29,3712,624384,2115,289217,1474,311585,123,23582,1314,114910,2369,267337,1435,382247,California
Fresno,2021-04-30,3364,627748,2106,291323,1229,312814,29,23611,1321,114233,2027,269364,1350,383597,California
Glenn,2020-12-17,1,1,1,1,0,0,0,0,1,1,0,0,1,1,California
Glenn,2020-12-19,1,2,1,2,0,0,0,0,1,2,0,0,1,2,California
Glenn,2020-12-20,1,3,1,3,0,0,0,0,1,3,0,0,1,3,California
Glenn,2020-12-21,11,14,11,14,0,0,0,0,11,14,0,0,11,14,California
Glenn,2020-12-22,59,73,59,73,0,0,0,0,59,73,0,0,59,73,California
Glenn,2020-12-23,27,100,27,100,0,0,0,0,27,100,0,0,27,100,California
Glenn,2020-12-24,9,109,9,109,0,0,0,0,9,109,0,0,9,109,California
Glenn,2020-12-26,2,111,2,111,0,0,0,0,2,111,0,0,2,111,California
Glenn,2020-12-27,4,115,4,115,0,0,0,0,4,115,0,0,4,115,California
Glenn,2020-12-28,21,136,21,136,0,0,0,0,21,136,0,0,21,136,California
Glenn,2020-12-29,82,218,82,218,0,0,0,0,82,218,0,0,82,218,California
Glenn,2020-12-30,128,346,106,324,22,22,0,0,128,346,0,0,128,346,California
Glenn,2020-12-31,38,384,9,333,29,51,0,0,38,384,0,0,38,384,California
Glenn,2021-01-02,2,386,2,335,0,51,0,0,2,386,0,0,2,386,California
Glenn,2021-01-04,7,393,5,340,2,53,0,0,7,393,0,0,7,393,California
Glenn,2021-01-05,9,402,8,348,1,54,0,0,9,402,0,0,9,402,California
Glenn,2021-01-06,60,462,8,356,52,106,0,0,60,462,0,0,60,462,California
Glenn,2021-01-07,67,529,12,368,55,161,0,0,65,525,2,2,65,527,California
Glenn,2021-01-08,12,541,9,377,3,164,0,0,12,537,0,2,12,539,California
Glenn,2021-01-10,1,542,1,378,0,164,0,0,0,536,1,3,0,539,California
Glenn,2021-01-11,30,572,30,408,0,164,0,0,12,530,18,21,12,551,California
Glenn,2021-01-12,42,614,37,445,5,169,0,0,14,516,28,49,14,565,California
Glenn,2021-01-13,153,767,88,533,65,234,0,0,109,581,44,93,109,674,California
Glenn,2021-01-14,185,952,96,629,89,323,0,0,175,746,10,103,175,849,California
Glenn,2021-01-15,42,994,34,663,8,331,0,0,37,778,5,108,37,886,California
Glenn,2021-01-16,34,1028,14,677,20,351,0,0,24,792,10,118,24,910,California
Glenn,2021-01-17,4,1032,2,679,2,353,0,0,2,792,2,120,2,912,California
Glenn,2021-01-18,17,1049,16,695,1,354,0,0,9,793,8,128,9,921,California
Glenn,2021-01-19,31,1080,20,715,11,365,0,0,14,790,17,145,14,935,California
Glenn,2021-01-20,163,1243,94,809,69,434,0,0,82,791,81,226,82,1017,California
Glenn,2021-01-21,124,1367,98,907,26,460,0,0,30,727,94,320,30,1047,California
Glenn,2021-01-22,337,1704,63,970,274,734,0,0,330,1050,7,327,330,1377,California
Glenn,2021-01-23,14,1718,7,977,7,741,0,0,12,1060,2,329,12,1389,California
Glenn,2021-01-24,2,1720,2,979,0,741,0,0,2,1062,0,329,2,1391,California
Glenn,2021-01-25,27,1747,9,988,18,759,0,0,24,1083,3,332,24,1415,California
Glenn,2021-01-26,29,1776,13,1001,16,775,0,0,23,1100,6,338,23,1438,California
Glenn,2021-01-27,187,1963,13,1014,174,949,0,0,166,1245,21,359,166,1604,California
Glenn,2021-01-28,146,2109,8,1022,138,1087,0,0,116,1331,30,389,116,1720,California
Glenn,2021-01-29,296,2405,12,1034,284,1371,0,0,282,1599,14,403,282,2002,California
Glenn,2021-01-30,4,2409,0,1034,4,1375,0,0,4,1603,0,403,4,2006,California
Glenn,2021-01-31,1,2410,0,1034,1,1376,0,0,1,1604,0,403,1,2007,California
Glenn,2021-02-01,28,2438,10,1044,18,1394,0,0,16,1608,12,415,16,2023,California
Glenn,2021-02-02,28,2466,13,1057,15,1409,0,0,19,1618,9,424,19,2042,California
Glenn,2021-02-03,207,2673,58,1115,149,1558,0,0,111,1634,96,520,112,2154,California
Glenn,2021-02-04,150,2823,84,1199,66,1624,0,0,45,1574,105,625,45,2199,California
Glenn,2021-02-05,319,3142,24,1223,295,1919,0,0,299,1853,20,645,299,2498,California
Glenn,2021-02-06,14,3156,2,1225,12,1931,0,0,13,1865,1,646,13,2511,California
Glenn,2021-02-07,2,3158,2,1227,0,1931,0,0,2,1867,0,646,2,2513,California
Glenn,2021-02-08,21,3179,17,1244,4,1935,0,0,4,1854,17,663,4,2517,California
Glenn,2021-02-09,49,3228,20,1264,29,1964,0,0,36,1877,13,676,36,2553,California
Glenn,2021-02-10,139,3367,19,1283,120,2084,0,0,65,1868,74,750,65,2618,California
Glenn,2021-02-11,232,3599,132,1415,100,2184,0,0,149,1934,83,833,149,2767,California
Glenn,2021-02-12,420,4019,99,1514,321,2505,0,0,356,2226,64,897,356,3123,California
Glenn,2021-02-13,34,4053,7,1521,27,2532,0,0,16,2224,18,915,16,3139,California
Glenn,2021-02-14,1,4054,0,1521,1,2533,0,0,1,2225,0,915,1,3140,California
Glenn,2021-02-15,8,4062,0,1521,8,2541,0,0,8,2233,0,915,8,3148,California
Glenn,2021-02-16,39,4101,9,1530,30,2571,0,0,21,2236,18,933,21,3169,California
Glenn,2021-02-17,380,4481,15,1545,365,2936,0,0,302,2460,78,1011,302,3471,California
Glenn,2021-02-18,135,4616,100,1645,35,2971,0,0,111,2547,24,1035,111,3582,California
Glenn,2021-02-19,303,4919,17,1662,286,3257,0,0,29,2302,274,1309,29,3611,California
Glenn,2021-02-20,8,4927,0,1662,8,3265,0,0,0,2294,8,1317,0,3611,California
Glenn,2021-02-22,33,4960,14,1676,19,3284,0,0,17,2295,16,1333,17,3628,California
Glenn,2021-02-23,40,5000,10,1686,30,3314,0,0,28,2311,12,1345,28,3656,California
Glenn,2021-02-24,221,5221,15,1701,206,3520,0,0,47,2184,174,1519,47,3703,California
Glenn,2021-02-25,262,5483,148,1849,114,3634,0,0,118,2158,144,1663,118,3821,California
Glenn,2021-02-26,304,5787,24,1873,280,3914,0,0,20,1895,283,1946,20,3841,California
Glenn,2021-02-27,15,5802,5,1878,10,3924,0,0,5,1891,9,1955,5,3846,California
Glenn,2021-02-28,6,5808,3,1881,3,3927,0,0,3,1892,2,1957,3,3849,California
Glenn,2021-03-01,28,5836,6,1887,22,3949,0,0,12,1888,16,1973,12,3861,California
Glenn,2021-03-02,35,5871,7,1894,28,3977,0,0,17,1887,18,1991,17,3878,California
Glenn,2021-03-03,192,6063,37,1931,155,4132,0,0,101,1899,89,2080,101,3979,California
Glenn,2021-03-04,521,6584,176,2107,345,4477,0,0,376,2130,145,2225,376,4355,California
Glenn,2021-03-05,356,6940,48,2155,308,4785,0,0,35,1844,321,2546,35,4390,California
Glenn,2021-03-06,26,6966,3,2158,22,4807,1,1,9,1837,17,2563,10,4400,California
Glenn,2021-03-07,5,6971,0,2158,5,4812,0,1,3,1839,1,2564,3,4403,California
Glenn,2021-03-08,20,6991,2,2160,17,4829,1,2,18,1856,2,2566,19,4422,California
Glenn,2021-03-09,82,7073,11,2171,68,4897,3,5,54,1884,28,2594,56,4478,California
Glenn,2021-03-10,172,7245,68,2239,102,4999,2,7,95,1904,77,2671,97,4575,California
Glenn,2021-03-11,584,7829,170,2409,391,5390,23,30,454,2251,130,2801,477,5052,California
Glenn,2021-03-12,417,8246,14,2423,342,5732,61,91,41,1977,376,3177,102,5154,California
Glenn,2021-03-13,12,8258,1,2424,3,5735,8,99,1,1975,11,3188,9,5163,California
Glenn,2021-03-14,3,8261,1,2425,2,5737,0,99,2,1976,1,3189,2,5165,California
Glenn,2021-03-15,75,8336,15,2440,55,5792,5,104,60,2026,15,3204,65,5230,California
Glenn,2021-03-16,106,8442,33,2473,62,5854,11,115,65,2061,41,3245,76,5306,California
Glenn,2021-03-17,417,8859,97,2570,313,6167,7,122,116,1881,301,3546,121,5427,California
Glenn,2021-03-18,520,9379,214,2784,50,6217,256,378,145,1906,375,3921,400,5827,California
Glenn,2021-03-19,91,9470,16,2800,69,6286,6,384,70,1962,20,3941,76,5903,California
Glenn,2021-03-20,121,9591,1,2801,119,6405,1,385,119,2080,2,3943,120,6023,California
Glenn,2021-03-21,6,9597,5,2806,0,6405,1,386,3,2082,2,3945,4,6027,California
Glenn,2021-03-22,116,9713,53,2859,55,6460,8,394,96,2168,18,3963,104,6131,California
Glenn,2021-03-23,173,9886,66,2925,56,6516,51,445,100,2247,72,4035,151,6282,California
Glenn,2021-03-24,204,10090,99,3024,100,6616,5,450,132,2313,71,4106,137,6419,California
Glenn,2021-03-25,455,10545,226,3250,135,6751,94,544,326,2605,128,4234,420,6839,California
Glenn,2021-03-26,227,10772,35,3285,156,6907,36,580,176,2766,51,4285,212,7051,California
Glenn,2021-03-27,150,10922,21,3306,124,7031,5,585,140,2901,10,4295,145,7196,California
Glenn,2021-03-28,15,10937,10,3316,5,7036,0,585,10,2906,5,4300,10,7206,California
Glenn,2021-03-29,59,10996,19,3335,37,7073,3,588,45,2940,14,4314,48,7254,California
Glenn,2021-03-30,73,11069,41,3376,31,7104,1,589,42,2954,29,4343,43,7297,California
Glenn,2021-03-31,125,11194,35,3411,89,7193,1,590,54,2939,70,4413,55,7352,California
Glenn,2021-04-01,638,11832,183,3594,446,7639,9,599,227,2766,409,4822,236,7588,California
Glenn,2021-04-02,158,11990,25,3619,121,7760,12,611,122,2864,36,4858,134,7722,California
Glenn,2021-04-03,91,12081,4,3623,80,7840,7,618,80,2940,11,4869,87,7809,California
Glenn,2021-04-04,8,12089,3,3626,3,7843,2,620,4,2942,4,4873,6,7815,California
Glenn,2021-04-05,65,12154,25,3651,27,7870,13,633,28,2946,37,4910,41,7856,California
Glenn,2021-04-06,144,12298,52,3703,53,7923,39,672,38,2917,105,5015,76,7932,California
Glenn,2021-04-07,158,12456,46,3749,58,7981,54,726,72,2957,86,5101,126,8058,California
Glenn,2021-04-08,639,13095,189,3938,416,8397,34,760,138,2630,499,5600,172,8230,California
Glenn,2021-04-09,158,13253,58,3996,84,8481,16,776,101,2690,57,5657,117,8347,California
Glenn,2021-04-10,75,13328,1,3997,63,8544,11,787,63,2752,12,5669,74,8421,California
Glenn,2021-04-11,17,13345,8,4005,4,8548,5,792,7,2754,10,5679,12,8433,California
Glenn,2021-04-12,113,13458,24,4029,60,8608,29,821,19,2708,94,5773,48,8481,California
Glenn,2021-04-13,118,13576,63,4092,55,8663,0,821,32,2655,85,5858,32,8513,California
Glenn,2021-04-14,121,13697,46,4138,75,8738,0,821,67,2668,54,5912,67,8580,California
Glenn,2021-04-15,361,14058,275,4413,86,8824,0,821,125,2557,236,6148,125,8705,California
Glenn,2021-04-16,164,14222,40,4453,124,8948,0,821,81,2555,83,6231,81,8786,California
Glenn,2021-04-17,163,14385,16,4469,147,9095,0,821,35,2468,122,6353,35,8821,California
Glenn,2021-04-18,16,14401,3,4472,13,9108,0,821,13,2478,3,6356,13,8834,California
Glenn,2021-04-19,82,14483,17,4489,65,9173,0,821,27,2451,54,6410,27,8861,California
Glenn,2021-04-20,126,14609,81,4570,45,9218,0,821,57,2439,69,6479,57,8918,California
Glenn,2021-04-21,408,15017,305,4875,103,9321,0,821,282,2595,126,6605,282,9200,California
Glenn,2021-04-22,205,15222,45,4920,160,9481,0,821,43,2477,161,6766,43,9243,California
Glenn,2021-04-23,166,15388,24,4944,142,9623,0,821,46,2404,119,6885,46,9289,California
Glenn,2021-04-24,179,15567,32,4976,147,9770,0,821,44,2313,135,7020,44,9333,California
Glenn,2021-04-25,28,15595,16,4992,12,9782,0,821,21,2327,7,7027,21,9354,California
Glenn,2021-04-26,44,15639,9,5001,35,9817,0,821,18,2319,26,7053,18,9372,California
Glenn,2021-04-27,52,15691,39,5040,8,9825,5,826,24,2320,27,7080,28,9400,California
Glenn,2021-04-28,245,15936,168,5208,66,9891,11,837,124,2334,121,7201,135,9535,California
Glenn,2021-04-29,149,16085,12,5220,136,10027,1,838,37,2260,112,7313,38,9573,California
Glenn,2021-04-30,130,16215,15,5235,115,10142,0,838,38,2206,92,7405,38,9611,California
Humboldt,2020-12-15,2,2,2,2,0,0,0,0,2,2,0,0,2,2,California
Humboldt,2020-12-16,15,17,15,17,0,0,0,0,15,17,0,0,15,17,California
Humboldt,2020-12-17,117,134,117,134,0,0,0,0,117,134,0,0,117,134,California
Humboldt,2020-12-18,176,310,176,310,0,0,0,0,176,310,0,0,176,310,California
Humboldt,2020-12-19,10,320,10,320,0,0,0,0,10,320,0,0,10,320,California
Humboldt,2020-12-20,28,348,28,348,0,0,0,0,28,348,0,0,28,348,California
Humboldt,2020-12-21,165,513,165,513,0,0,0,0,165,513,0,0,165,513,California
Humboldt,2020-12-22,296,809,296,809,0,0,0,0,296,809,0,0,296,809,California
Humboldt,2020-12-23,310,1119,262,1071,48,48,0,0,311,1120,0,0,311,1120,California
Humboldt,2020-12-24,25,1144,2,1073,23,71,0,0,25,1145,0,0,25,1145,California
Humboldt,2020-12-25,2,1146,2,1075,0,71,0,0,2,1147,0,0,2,1147,California
Humboldt,2020-12-26,6,1152,5,1080,1,72,0,0,6,1153,0,0,6,1153,California
Humboldt,2020-12-28,156,1308,145,1225,11,83,0,0,156,1309,0,0,156,1309,California
Humboldt,2020-12-29,167,1475,124,1349,43,126,0,0,167,1476,0,0,167,1476,California
Humboldt,2020-12-30,223,1698,124,1473,99,225,0,0,223,1699,0,0,223,1699,California
Humboldt,2020-12-31,242,1940,79,1552,163,388,0,0,242,1941,0,0,242,1941,California
Humboldt,2021-01-01,2,1942,1,1553,1,389,0,0,2,1943,0,0,2,1943,California
Humboldt,2021-01-02,38,1980,1,1554,37,426,0,0,38,1981,0,0,38,1981,California
Humboldt,2021-01-04,217,2197,142,1696,75,501,0,0,218,2199,0,0,218,2199,California
Humboldt,2021-01-05,128,2325,18,1714,110,611,0,0,127,2325,1,1,127,2326,California
Humboldt,2021-01-06,301,2626,203,1917,98,709,0,0,229,2493,61,62,229,2555,California
Humboldt,2021-01-07,417,3043,305,2222,112,821,0,0,304,2699,98,160,304,2859,California
Humboldt,2021-01-08,418,3461,279,2501,139,960,0,0,283,2851,131,291,283,3142,California
Humboldt,2021-01-09,69,3530,45,2546,24,984,0,0,66,2915,3,294,67,3209,California
Humboldt,2021-01-10,84,3614,84,2630,0,984,0,0,4,2839,80,374,4,3213,California
Humboldt,2021-01-11,288,3902,277,2907,11,995,0,0,72,2699,212,586,72,3285,California
Humboldt,2021-01-12,482,4384,319,3226,163,1158,0,0,298,2835,162,748,298,3583,California
Humboldt,2021-01-13,481,4865,275,3501,206,1364,0,0,304,2966,174,922,305,3888,California
Humboldt,2021-01-14,521,5386,164,3665,357,1721,0,0,465,3376,56,978,466,4354,California
Humboldt,2021-01-15,374,5760,39,3704,335,2056,0,0,357,3716,17,995,357,4711,California
Humboldt,2021-01-16,170,5930,6,3710,164,2220,0,0,169,3884,1,996,169,4880,California
Humboldt,2021-01-17,6,5936,4,3714,2,2222,0,0,6,3890,0,996,6,4886,California
Humboldt,2021-01-18,293,6229,258,3972,35,2257,0,0,143,3883,150,1146,143,5029,California
Humboldt,2021-01-19,625,6854,372,4344,253,2510,0,0,498,4260,121,1267,498,5527,California
Humboldt,2021-01-20,913,7767,403,4747,510,3020,0,0,765,4888,139,1406,767,6294,California
Humboldt,2021-01-21,957,8724,260,5007,697,3717,0,0,916,5763,41,1447,916,7210,California
Humboldt,2021-01-22,675,9399,376,5383,299,4016,0,0,667,6422,8,1455,667,7877,California
Humboldt,2021-01-23,801,10200,272,5655,529,4545,0,0,792,7206,9,1464,793,8670,California
Humboldt,2021-01-24,226,10426,1,5656,225,4770,0,0,225,7430,1,1465,225,8895,California
Humboldt,2021-01-25,303,10729,232,5888,71,4841,0,0,149,7425,154,1619,149,9044,California
Humboldt,2021-01-26,526,11255,141,6029,385,5226,0,0,478,7855,48,1667,478,9522,California
Humboldt,2021-01-27,1260,12515,587,6616,673,5899,0,0,1195,8993,58,1725,1196,10718,California
Humboldt,2021-01-28,1455,13970,633,7249,822,6721,0,0,1320,10183,132,1857,1322,12040,California
Humboldt,2021-01-29,1132,15102,546,7795,586,7307,0,0,712,10476,420,2277,713,12753,California
Humboldt,2021-01-30,974,16076,458,8253,516,7823,0,0,962,11427,12,2289,963,13716,California
Humboldt,2021-01-31,311,16387,310,8563,1,7824,0,0,310,11736,1,2290,310,14026,California
Humboldt,2021-02-01,333,16720,192,8755,141,7965,0,0,189,11782,143,2433,189,14215,California
Humboldt,2021-02-02,443,17163,74,8829,369,8334,0,0,339,12022,101,2534,341,14556,California
Humboldt,2021-02-03,656,17819,259,9088,397,8731,0,0,506,12378,150,2684,506,15062,California
Humboldt,2021-02-04,638,18457,262,9350,376,9107,0,0,441,12625,194,2878,441,15503,California
Humboldt,2021-02-05,811,19268,94,9444,717,9824,0,0,625,13064,186,3064,625,16128,California
Humboldt,2021-02-06,1055,20323,444,9888,611,10435,0,0,1014,14039,40,3104,1015,17143,California
Humboldt,2021-02-07,379,20702,9,9897,370,10805,0,0,374,14410,4,3108,375,17518,California
Humboldt,2021-02-08,325,21027,142,10039,183,10988,0,0,184,14454,140,3248,184,17702,California
Humboldt,2021-02-09,493,21520,219,10258,274,11262,0,0,179,14319,314,3562,179,17881,California
Humboldt,2021-02-10,563,22083,370,10628,193,11455,0,0,232,14225,326,3888,232,18113,California
Humboldt,2021-02-11,1293,23376,392,11020,901,12356,0,0,508,13951,782,4670,508,18621,California
Humboldt,2021-02-12,1146,24522,735,11755,411,12767,0,0,706,14217,440,5110,706,19327,California
Humboldt,2021-02-13,1501,26023,553,12308,948,13715,0,0,912,14542,587,5697,912,20239,California
Humboldt,2021-02-14,112,26135,5,12313,107,13822,0,0,109,14649,2,5699,109,20348,California
Humboldt,2021-02-15,292,26427,78,12391,214,14036,0,0,195,14747,97,5796,195,20543,California
Humboldt,2021-02-16,533,26960,117,12508,416,14452,0,0,252,14719,281,6077,253,20796,California
Humboldt,2021-02-17,452,27412,280,12788,172,14624,0,0,137,14541,315,6392,137,20933,California
Humboldt,2021-02-18,968,28380,596,13384,372,14996,0,0,229,14032,738,7130,229,21162,California
Humboldt,2021-02-19,476,28856,434,13818,42,15038,0,0,89,13737,384,7514,89,21251,California
Humboldt,2021-02-20,1585,30441,979,14797,606,15644,0,0,474,13105,1108,8622,476,21727,California
Humboldt,2021-02-21,479,30920,471,15268,8,15652,0,0,184,12995,295,8917,185,21912,California
Humboldt,2021-02-22,126,31046,92,15360,34,15686,0,0,27,12925,97,9014,27,21939,California
Humboldt,2021-02-23,173,31219,70,15430,103,15789,0,0,40,12834,131,9145,40,21979,California
Humboldt,2021-02-24,1162,32381,703,16133,459,16248,0,0,584,12841,577,9722,584,22563,California
Humboldt,2021-02-25,831,33212,316,16449,515,16763,0,0,228,12468,601,10323,228,22791,California
Humboldt,2021-02-26,2142,35354,106,16555,2036,18799,0,0,453,11239,1683,12006,454,23245,California
Humboldt,2021-02-27,1692,37046,1074,17629,618,19417,0,0,870,11293,820,12826,874,24119,California
Humboldt,2021-02-28,122,37168,11,17640,111,19528,0,0,117,11405,5,12831,117,24236,California
Humboldt,2021-03-01,258,37426,47,17687,211,19739,0,0,183,11513,75,12906,183,24419,California
Humboldt,2021-03-02,286,37712,48,17735,238,19977,0,0,156,11539,130,13036,156,24575,California
Humboldt,2021-03-03,1649,39361,1096,18831,553,20530,0,0,1220,12337,423,13459,1221,25796,California
Humboldt,2021-03-04,886,40247,111,18942,775,21305,0,0,268,11989,618,14077,270,26066,California
Humboldt,2021-03-05,935,41182,184,19126,740,22045,11,11,378,11825,553,14630,389,26455,California
Humboldt,2021-03-06,1693,42875,837,19963,807,22852,49,60,710,11602,982,15612,759,27214,California
Humboldt,2021-03-07,363,43238,295,20258,50,22902,18,78,158,11573,205,15817,176,27390,California
Humboldt,2021-03-08,257,43495,6,20264,173,23075,78,156,163,11720,94,15911,241,27631,California
Humboldt,2021-03-09,459,43954,201,20465,113,23188,145,301,215,11838,242,16153,360,27991,California
Humboldt,2021-03-10,681,44635,466,20931,62,23250,153,454,412,12133,268,16421,563,28554,California
Humboldt,2021-03-11,1432,46067,461,21392,872,24122,99,553,616,12033,814,17235,714,29268,California
Humboldt,2021-03-12,1739,47806,1083,22475,435,24557,221,774,1047,12620,684,17919,1271,30539,California
Humboldt,2021-03-13,1569,49375,1021,23496,496,25053,52,826,679,12467,884,18803,731,31270,California
Humboldt,2021-03-14,142,49517,18,23514,115,25168,9,835,28,12390,114,18917,37,31307,California
Humboldt,2021-03-15,267,49784,51,23565,196,25364,20,855,51,12245,216,19133,71,31378,California
Humboldt,2021-03-16,632,50416,200,23765,172,25536,260,1115,258,12388,373,19506,516,31894,California
Humboldt,2021-03-17,728,51144,397,24162,223,25759,108,1223,335,12439,392,19898,443,32337,California
Humboldt,2021-03-18,1730,52874,1165,25327,522,26281,43,1266,1037,12831,688,20586,1080,33417,California
Humboldt,2021-03-19,1074,53948,58,25385,702,26983,314,1580,441,12956,630,21216,755,34172,California
Humboldt,2021-03-20,1375,55323,751,26136,611,27594,13,1593,428,12453,945,22161,442,34614,California
Humboldt,2021-03-21,247,55570,33,26169,185,27779,29,1622,200,12635,47,22208,229,34843,California
Humboldt,2021-03-22,111,55681,14,26183,47,27826,50,1672,55,12685,55,22263,105,34948,California
Humboldt,2021-03-23,408,56089,40,26223,325,28151,43,1715,318,12958,88,22351,361,35309,California
Humboldt,2021-03-24,1416,57505,389,26612,979,29130,48,1763,1039,13674,369,22720,1085,36394,California
Humboldt,2021-03-25,1829,59334,1204,27816,563,29693,62,1825,944,13797,883,23603,1006,37400,California
Humboldt,2021-03-26,2033,61367,438,28254,1539,31232,56,1881,1592,15008,436,24039,1647,39047,California
Humboldt,2021-03-27,1930,63297,1438,29692,324,31556,168,2049,1064,15378,862,24901,1232,40279,California
Humboldt,2021-03-28,267,63564,81,29773,115,31671,71,2120,85,15353,182,25083,157,40436,California
Humboldt,2021-03-29,465,64029,124,29897,246,31917,95,2215,197,15377,267,25350,291,40727,California
Humboldt,2021-03-30,935,64964,303,30200,519,32436,113,2328,562,15682,369,25719,674,41401,California
Humboldt,2021-03-31,1848,66812,518,30718,1234,33670,96,2424,1396,16728,448,26167,1494,42895,California
Humboldt,2021-04-01,2095,68907,702,31420,1303,34973,90,2514,1482,17694,606,26773,1572,44467,California
Humboldt,2021-04-02,1688,70595,1097,32517,487,35460,104,2618,599,17314,1083,27856,703,45170,California
Humboldt,2021-04-03,1651,72246,1494,34011,141,35601,16,2634,659,17007,982,28838,675,45845,California
Humboldt,2021-04-04,476,72722,366,34377,101,35702,9,2643,402,17345,74,28912,412,46257,California
Humboldt,2021-04-05,755,73477,454,34831,253,35955,48,2691,436,17512,317,29229,484,46741,California
Humboldt,2021-04-06,817,74294,317,35148,366,36321,134,2825,582,17997,229,29458,714,47455,California
Humboldt,2021-04-07,1475,75769,1054,36202,283,36604,138,2963,982,18626,491,29949,1120,48575,California
Humboldt,2021-04-08,1697,77466,1081,37283,474,37078,142,3105,727,18526,969,30918,869,49444,California
Humboldt,2021-04-09,1415,78881,438,37721,825,37903,152,3257,1141,19538,274,31192,1286,50730,California
Humboldt,2021-04-10,924,79805,134,37855,616,38519,174,3431,728,20244,195,31387,901,51631,California
Humboldt,2021-04-11,635,80440,136,37991,33,38552,466,3897,125,20324,510,31897,590,52221,California
Humboldt,2021-04-12,421,80861,224,38215,75,38627,122,4019,276,20576,145,32042,397,52618,California
Humboldt,2021-04-13,579,81440,320,38535,256,38883,3,4022,545,21092,31,32073,547,53165,California
Humboldt,2021-04-14,1411,82851,1032,39567,379,39262,0,4022,1311,22304,99,32172,1311,54476,California
Humboldt,2021-04-15,1795,84646,1192,40759,599,39861,4,4026,1237,23003,540,32712,1239,55715,California
Humboldt,2021-04-16,1120,85766,514,41273,606,40467,0,4026,537,22960,580,33292,537,56252,California
Humboldt,2021-04-17,1593,87359,1272,42545,321,40788,0,4026,1011,23395,576,33868,1011,57263,California
Humboldt,2021-04-18,473,87832,340,42885,133,40921,0,4026,92,23110,377,34245,92,57355,California
Humboldt,2021-04-19,184,88016,83,42968,101,41022,0,4026,72,23072,110,34355,72,57427,California
Humboldt,2021-04-20,474,88490,133,43101,341,41363,0,4026,233,23065,240,34595,233,57660,California
Humboldt,2021-04-21,1069,89559,373,43474,696,42059,0,4026,422,22851,637,35232,423,58083,California
Humboldt,2021-04-22,850,90409,498,43972,350,42409,2,4028,429,22861,419,35651,429,58512,California
Humboldt,2021-04-23,2130,92539,292,44264,1838,44247,0,4028,302,21339,1824,37475,302,58814,California
Humboldt,2021-04-24,1004,93543,874,45138,125,44372,5,4033,350,21042,652,38127,355,59169,California
Humboldt,2021-04-25,373,93916,240,45378,133,44505,0,4033,195,21061,176,38303,195,59364,California
Humboldt,2021-04-26,264,94180,187,45565,74,44579,3,4036,79,20958,183,38486,80,59444,California
Humboldt,2021-04-27,624,94804,182,45747,424,45003,18,4054,126,20606,496,38982,144,59588,California
Humboldt,2021-04-28,1406,96210,721,46468,642,45645,43,4097,351,19947,1053,40035,394,59982,California
Humboldt,2021-04-29,1406,97616,412,46880,968,46613,26,4123,210,18990,1193,41228,236,60218,California
Humboldt,2021-04-30,838,98454,147,47027,688,47301,3,4126,128,18414,707,41935,131,60349,California
Imperial,2020-12-16,1,1,1,1,0,0,0,0,1,1,0,0,1,1,California
Imperial,2020-12-17,4,5,4,5,0,0,0,0,4,5,0,0,4,5,California
Imperial,2020-12-18,11,16,11,16,0,0,0,0,11,16,0,0,11,16,California
Imperial,2020-12-20,2,18,2,18,0,0,0,0,2,18,0,0,2,18,California
Imperial,2020-12-21,186,204,186,204,0,0,0,0,186,204,0,0,186,204,California
Imperial,2020-12-22,241,445,239,443,2,2,0,0,241,445,0,0,241,445,California
Imperial,2020-12-23,210,655,209,652,1,3,0,0,209,654,0,0,209,654,California
Imperial,2020-12-24,5,660,5,657,0,3,0,0,5,659,0,0,5,659,California
Imperial,2020-12-26,1,661,0,657,1,4,0,0,1,660,0,0,1,660,California
Imperial,2020-12-27,62,723,0,657,62,66,0,0,62,722,0,0,62,722,California
Imperial,2020-12-28,214,937,114,771,100,166,0,0,214,936,0,0,214,936,California
Imperial,2020-12-29,189,1126,36,807,153,319,0,0,189,1125,0,0,189,1125,California
Imperial,2020-12-30,366,1492,50,857,316,635,0,0,366,1491,0,0,366,1491,California
Imperial,2020-12-31,197,1689,26,883,171,806,0,0,197,1688,0,0,197,1688,California
Imperial,2021-01-01,46,1735,5,888,41,847,0,0,46,1734,0,0,46,1734,California
Imperial,2021-01-02,4,1739,0,888,4,851,0,0,4,1738,0,0,4,1738,California
Imperial,2021-01-03,90,1829,0,888,90,941,0,0,90,1828,0,0,90,1828,California
Imperial,2021-01-04,85,1914,5,893,80,1021,0,0,85,1913,0,0,85,1913,California
Imperial,2021-01-05,172,2086,13,906,159,1180,0,0,172,2085,0,0,172,2085,California
Imperial,2021-01-06,190,2276,25,931,165,1345,0,0,189,2273,1,1,189,2274,California
Imperial,2021-01-07,319,2595,9,940,310,1655,0,0,316,2586,3,4,316,2590,California
Imperial,2021-01-08,190,2785,50,990,140,1795,0,0,181,2758,9,13,181,2771,California
Imperial,2021-01-09,24,2809,21,1011,3,1798,0,0,24,2782,0,13,24,2795,California
Imperial,2021-01-10,1,2810,0,1011,1,1799,0,0,1,2783,0,13,1,2796,California
Imperial,2021-01-11,403,3213,244,1255,159,1958,0,0,175,2730,228,241,175,2971,California
Imperial,2021-01-12,404,3617,302,1557,102,2060,0,0,142,2611,261,502,142,3113,California
Imperial,2021-01-13,379,3996,132,1689,247,2307,0,0,280,2792,99,601,280,3393,California
Imperial,2021-01-14,260,4256,151,1840,109,2416,0,0,254,3041,5,606,254,3647,California
Imperial,2021-01-15,240,4496,182,2022,58,2474,0,0,233,3267,7,613,233,3880,California
Imperial,2021-01-16,77,4573,73,2095,4,2478,0,0,76,3342,1,614,76,3956,California
Imperial,2021-01-17,10,4583,2,2097,8,2486,0,0,10,3352,0,614,10,3966,California
Imperial,2021-01-18,1055,5638,400,2497,655,3141,0,0,957,4212,98,712,958,4924,California
Imperial,2021-01-19,165,5803,129,2626,36,3177,0,0,118,4283,47,759,118,5042,California
Imperial,2021-01-20,292,6095,195,2821,97,3274,0,0,254,4499,38,797,254,5296,California
Imperial,2021-01-21,415,6510,183,3004,232,3506,0,0,395,4874,20,817,395,5691,California
Imperial,2021-01-22,457,6967,189,3193,268,3774,0,0,448,5313,9,826,448,6139,California
Imperial,2021-01-23,1041,8008,290,3483,751,4525,0,0,1040,6352,1,827,1040,7179,California
Imperial,2021-01-24,11,8019,4,3487,7,4532,0,0,11,6363,0,827,11,7190,California
Imperial,2021-01-25,213,8232,5,3492,208,4740,0,0,34,6219,178,1005,34,7224,California
Imperial,2021-01-26,360,8592,185,3677,175,4915,0,0,217,6293,143,1148,217,7441,California
Imperial,2021-01-27,570,9162,162,3839,408,5323,0,0,237,6197,333,1481,237,7678,California
Imperial,2021-01-28,632,9794,159,3998,473,5796,0,0,525,6615,107,1588,525,8203,California
Imperial,2021-01-29,423,10217,296,4294,127,5923,0,0,373,6938,50,1638,373,8576,California
Imperial,2021-01-30,56,10273,31,4325,25,5948,0,0,39,6960,17,1655,39,8615,California
Imperial,2021-01-31,17,10290,7,4332,10,5958,0,0,16,6975,1,1656,16,8631,California
Imperial,2021-02-01,419,10709,53,4385,366,6324,0,0,208,6974,209,1865,208,8839,California
Imperial,2021-02-02,680,11389,54,4439,626,6950,0,0,499,7292,181,2046,499,9338,California
Imperial,2021-02-03,457,11846,48,4487,409,7359,0,0,264,7364,192,2238,264,9602,California
Imperial,2021-02-04,1720,13566,1200,5687,520,7879,0,0,1406,8458,312,2550,1406,11008,California
Imperial,2021-02-05,388,13954,240,5927,148,8027,0,0,152,8376,234,2784,152,11160,California
Imperial,2021-02-06,861,14815,838,6765,23,8050,0,0,824,9164,36,2820,824,11984,California
Imperial,2021-02-07,21,14836,9,6774,12,8062,0,0,20,9183,1,2821,20,12004,California
Imperial,2021-02-08,250,15086,42,6816,208,8270,0,0,182,9297,68,2889,182,12186,California
Imperial,2021-02-09,462,15548,146,6962,316,8586,0,0,304,9443,158,3047,304,12490,California
Imperial,2021-02-10,384,15932,56,7018,328,8914,0,0,94,9248,290,3337,95,12585,California
Imperial,2021-02-11,463,16395,259,7277,204,9118,0,0,89,8963,374,3711,89,12674,California
Imperial,2021-02-12,2129,18524,1411,8688,718,9836,0,0,1777,10389,351,4062,1777,14451,California
Imperial,2021-02-13,42,18566,18,8706,24,9860,0,0,34,10416,8,4070,35,14486,California
Imperial,2021-02-14,24,18590,12,8718,12,9872,0,0,21,10434,3,4073,21,14507,California
Imperial,2021-02-15,30,18620,10,8728,20,9892,0,0,23,10450,7,4080,23,14530,California
Imperial,2021-02-16,515,19135,267,8995,248,10140,0,0,293,10521,222,4302,293,14823,California
Imperial,2021-02-17,439,19574,285,9280,154,10294,0,0,83,10248,356,4658,83,14906,California
Imperial,2021-02-18,646,20220,308,9588,338,10632,0,0,140,9884,504,5162,140,15046,California
Imperial,2021-02-19,766,20986,381,9969,385,11017,0,0,192,9503,573,5735,192,15238,California
Imperial,2021-02-20,1039,22025,191,10160,848,11865,0,0,325,9117,713,6448,327,15565,California
Imperial,2021-02-21,588,22613,554,10714,34,11899,0,0,577,9684,10,6458,577,16142,California
Imperial,2021-02-22,809,23422,569,11283,240,12139,0,0,759,10393,50,6508,759,16901,California
Imperial,2021-02-23,957,24379,392,11675,565,12704,0,0,905,11246,52,6560,905,17806,California
Imperial,2021-02-24,699,25078,284,11959,415,13119,0,0,602,11752,96,6656,602,18408,California
Imperial,2021-02-25,815,25893,337,12296,478,13597,0,0,449,11841,365,7021,454,18862,California
Imperial,2021-02-26,1744,27637,1351,13647,393,13990,0,0,1569,13238,173,7194,1570,20432,California
Imperial,2021-02-27,859,28496,810,14457,49,14039,0,0,121,12622,738,7932,122,20554,California
Imperial,2021-02-28,30,28526,20,14477,10,14049,0,0,20,12632,10,7942,20,20574,California
Imperial,2021-03-01,493,29019,294,14771,198,14247,1,1,428,12999,63,8005,430,21004,California
Imperial,2021-03-02,673,29692,246,15017,427,14674,0,1,384,13096,289,8294,386,21390,California
Imperial,2021-03-03,925,30617,47,15064,877,15551,1,2,556,13298,366,8660,568,21958,California
Imperial,2021-03-04,746,31363,76,15140,669,16220,1,3,485,13554,259,8919,515,22473,California
Imperial,2021-03-05,2570,33933,1937,17077,633,16853,0,3,1245,13479,1322,10241,1247,23720,California
Imperial,2021-03-06,689,34622,237,17314,452,17305,0,3,648,14093,38,10279,652,24372,California
Imperial,2021-03-07,73,34695,40,17354,33,17338,0,3,53,14127,20,10299,54,24426,California
Imperial,2021-03-08,413,35108,330,17684,48,17386,35,38,361,14471,52,10351,396,24822,California
Imperial,2021-03-09,681,35789,310,17994,125,17511,246,284,397,14830,284,10635,643,25465,California
Imperial,2021-03-10,682,36471,312,18306,267,17778,103,387,319,14891,362,10997,423,25888,California
Imperial,2021-03-11,1787,38258,478,18784,1117,18895,192,579,1186,15680,600,11597,1389,27277,California
Imperial,2021-03-12,3700,41958,2539,21323,976,19871,185,764,2102,16372,1596,13193,2288,29565,California
Imperial,2021-03-13,1141,43099,90,21413,828,20699,223,987,855,17169,284,13477,1081,30646,California
Imperial,2021-03-14,169,43268,31,21444,126,20825,12,999,139,17291,30,13507,152,30798,California
Imperial,2021-03-15,670,43938,214,21658,198,21023,258,1257,374,17629,294,13801,632,31430,California
Imperial,2021-03-16,1070,45008,276,21934,341,21364,453,1710,533,18080,535,14336,986,32416,California
Imperial,2021-03-17,1572,46580,691,22625,744,22108,137,1847,994,18637,575,14911,1132,33548,California
Imperial,2021-03-18,1779,48359,1175,23800,544,22652,60,1907,1251,19424,526,15437,1313,34861,California
Imperial,2021-03-19,3337,51696,2446,26246,887,23539,4,1911,1500,19100,1829,17266,1505,36366,California
Imperial,2021-03-20,866,52562,551,26797,310,23849,5,1916,421,19091,441,17707,432,36798,California
Imperial,2021-03-21,217,52779,35,26832,178,24027,4,1920,159,19200,58,17765,167,36965,California
Imperial,2021-03-22,1046,53825,339,27171,700,24727,7,1927,623,19409,422,18187,631,37596,California
Imperial,2021-03-23,1389,55214,411,27582,971,25698,7,1934,889,19810,497,18684,898,38494,California
Imperial,2021-03-24,1870,57084,542,28124,901,26599,427,2361,900,20168,968,19652,1326,39820,California
Imperial,2021-03-25,2887,59971,505,28629,883,27482,1499,3860,1015,20809,1868,21520,2509,42329,California
Imperial,2021-03-26,2482,62453,877,29506,734,28216,871,4731,773,20752,1702,23222,1645,43974,California
Imperial,2021-03-27,578,63031,265,29771,261,28477,52,4783,418,21065,157,23379,470,44444,California
Imperial,2021-03-28,209,63240,51,29822,156,28633,2,4785,172,21203,36,23415,174,44618,California
Imperial,2021-03-29,1210,64450,346,30168,390,29023,474,5259,314,21098,894,24309,789,45407,California
Imperial,2021-03-30,1817,66267,675,30843,591,29614,551,5810,674,21181,1143,25452,1226,46633,California
Imperial,2021-03-31,1525,67792,714,31557,806,30420,5,5815,1008,21678,515,25967,1012,47645,California
Imperial,2021-04-01,1877,69669,464,32021,1171,31591,242,6057,815,21678,1056,27023,1056,48701,California
Imperial,2021-04-02,1261,70930,448,32469,739,32330,74,6131,746,21984,513,27536,819,49520,California
Imperial,2021-04-03,1494,72424,406,32875,1009,33339,79,6210,687,21947,803,28339,766,50286,California
Imperial,2021-04-04,84,72508,40,32915,28,33367,16,6226,25,21929,59,28398,41,50327,California
Imperial,2021-04-05,2109,74617,1279,34194,763,34130,67,6293,401,20697,1701,30099,469,50796,California
Imperial,2021-04-06,1289,75906,526,34720,574,34704,189,6482,678,20957,608,30707,868,51664,California
Imperial,2021-04-07,2147,78053,549,35269,1222,35926,376,6858,1537,22264,606,31313,1913,53577,California
Imperial,2021-04-08,2183,80236,1068,36337,821,36747,294,7152,1075,22527,1105,32418,1368,54945,California
Imperial,2021-04-09,2140,82376,632,36969,892,37639,616,7768,830,22667,1306,33724,1446,56391,California
Imperial,2021-04-10,1275,83651,183,37152,821,38460,271,8039,214,22091,1059,34783,483,56874,California
Imperial,2021-04-11,216,83867,29,37181,155,38615,32,8071,74,22055,142,34925,106,56980,California
Imperial,2021-04-12,1396,85263,761,37942,429,39044,206,8277,792,22456,600,35525,1001,57981,California
Imperial,2021-04-13,2257,87520,1441,39383,814,39858,2,8279,1578,23361,675,36200,1580,59561,California
Imperial,2021-04-14,1992,89512,940,40323,1052,40910,0,8279,1411,24197,576,36776,1412,60973,California
Imperial,2021-04-15,1920,91432,878,41201,1042,41952,0,8279,1341,24963,576,37352,1342,62315,California
Imperial,2021-04-16,2150,93582,1075,42276,1075,43027,0,8279,1271,25359,875,38227,1271,63586,California
Imperial,2021-04-17,1745,95327,875,43151,868,43895,2,8281,1379,26379,362,38589,1382,64968,California
Imperial,2021-04-18,250,95577,69,43220,181,44076,0,8281,90,26310,159,38748,90,65058,California
Imperial,2021-04-19,798,96375,250,43470,548,44624,0,8281,460,26437,337,39085,464,65522,California
Imperial,2021-04-20,1277,97652,513,43983,764,45388,0,8281,751,26665,523,39608,751,66273,California
Imperial,2021-04-21,1284,98936,324,44307,960,46348,0,8281,781,26946,500,40108,781,67054,California
Imperial,2021-04-22,1805,100741,771,45078,1034,47382,0,8281,1308,27764,492,40600,1310,68364,California
Imperial,2021-04-23,1476,102217,399,45477,1077,48459,0,8281,830,27959,639,41239,834,69198,California
Imperial,2021-04-24,515,102732,301,45778,214,48673,0,8281,202,27850,311,41550,202,69400,California
Imperial,2021-04-25,263,102995,96,45874,167,48840,0,8281,135,27858,127,41677,135,69535,California
Imperial,2021-04-26,985,103980,435,46309,547,49387,3,8284,652,28182,331,42008,655,70190,California
Imperial,2021-04-27,890,104870,337,46646,545,49932,8,8292,467,28234,423,42431,475,70665,California
Imperial,2021-04-28,1201,106071,504,47150,671,50603,26,8318,609,28280,589,43020,635,71300,California
Imperial,2021-04-29,1491,107562,736,47886,737,51340,18,8336,674,28160,812,43832,692,71992,California
Imperial,2021-04-30,967,108529,551,48437,397,51737,19,8355,771,28758,192,44024,790,72782,California
Inyo,2020-12-19,85,85,85,85,0,0,0,0,85,85,0,0,85,85,California
Inyo,2020-12-20,58,143,58,143,0,0,0,0,58,143,0,0,58,143,California
Inyo,2020-12-21,88,231,85,228,3,3,0,0,88,231,0,0,88,231,California
Inyo,2020-12-22,105,336,105,333,0,3,0,0,105,336,0,0,105,336,California
Inyo,2020-12-23,70,406,67,400,3,6,0,0,70,406,0,0,70,406,California
Inyo,2020-12-24,16,422,16,416,0,6,0,0,16,422,0,0,16,422,California
Inyo,2020-12-25,1,423,0,416,1,7,0,0,1,423,0,0,1,423,California
Inyo,2020-12-26,74,497,74,490,0,7,0,0,74,497,0,0,74,497,California
Inyo,2020-12-28,48,545,36,526,12,19,0,0,48,545,0,0,48,545,California
Inyo,2020-12-29,20,565,20,546,0,19,0,0,20,565,0,0,20,565,California
Inyo,2020-12-30,56,621,54,600,2,21,0,0,56,621,0,0,56,621,California
Inyo,2020-12-31,29,650,0,600,29,50,0,0,29,650,0,0,29,650,California
Inyo,2021-01-01,1,651,0,600,1,51,0,0,1,651,0,0,1,651,California
Inyo,2021-01-03,1,652,0,600,1,52,0,0,1,652,0,0,1,652,California
Inyo,2021-01-04,1,653,1,601,0,52,0,0,1,653,0,0,1,653,California
Inyo,2021-01-05,34,687,0,601,34,86,0,0,34,687,0,0,34,687,California
Inyo,2021-01-06,68,755,0,601,68,154,0,0,68,755,0,0,68,755,California
Inyo,2021-01-07,31,786,1,602,30,184,0,0,31,786,0,0,31,786,California
Inyo,2021-01-08,9,795,8,610,1,185,0,0,4,786,5,5,5,791,California
Inyo,2021-01-09,87,882,86,696,1,186,0,0,1,701,86,91,1,792,California
Inyo,2021-01-10,52,934,52,748,0,186,0,0,0,649,52,143,0,792,California
Inyo,2021-01-11,97,1031,82,830,15,201,0,0,16,584,81,224,16,808,California
Inyo,2021-01-12,139,1170,118,948,21,222,0,0,28,501,111,335,28,836,California
Inyo,2021-01-13,86,1256,68,1016,18,240,0,0,21,458,65,400,22,858,California
Inyo,2021-01-14,59,1315,13,1029,46,286,0,0,49,497,10,410,49,907,California
Inyo,2021-01-15,163,1478,28,1057,135,421,0,0,163,660,0,410,163,1070,California
Inyo,2021-01-16,74,1552,73,1130,1,422,0,0,1,588,73,483,1,1071,California
Inyo,2021-01-18,58,1610,36,1166,22,444,0,0,19,568,39,522,19,1090,California
Inyo,2021-01-19,115,1725,72,1238,43,487,0,0,99,651,16,538,99,1189,California
Inyo,2021-01-20,146,1871,70,1308,76,563,0,0,92,689,54,592,92,1281,California
Inyo,2021-01-21,121,1992,57,1365,64,627,0,0,120,808,1,593,120,1401,California
Inyo,2021-01-22,62,2054,0,1365,62,689,0,0,61,868,1,594,61,1462,California
Inyo,2021-01-23,52,2106,52,1417,0,689,0,0,52,920,0,594,52,1514,California
Inyo,2021-01-25,49,2155,6,1423,43,732,0,0,37,945,12,606,37,1551,California
Inyo,2021-01-26,135,2290,54,1477,81,813,0,0,129,1068,6,612,129,1680,California
Inyo,2021-01-27,23,2313,2,1479,21,834,0,0,22,1089,1,613,22,1702,California
Inyo,2021-01-28,92,2405,2,1481,90,924,0,0,63,1123,29,642,63,1765,California
Inyo,2021-01-29,25,2430,3,1484,22,946,0,0,23,1144,2,644,23,1788,California
Inyo,2021-01-30,11,2441,1,1485,10,956,0,0,11,1155,0,644,11,1799,California
Inyo,2021-01-31,32,2473,4,1489,28,984,0,0,4,1131,28,672,4,1803,California
Inyo,2021-02-01,11,2484,9,1498,2,986,0,0,1,1122,10,682,1,1804,California
Inyo,2021-02-02,130,2614,14,1512,116,1102,0,0,104,1200,26,708,104,1908,California
Inyo,2021-02-03,116,2730,0,1512,116,1218,0,0,74,1232,42,750,74,1982,California
Inyo,2021-02-04,149,2879,31,1543,118,1336,0,0,90,1263,59,809,90,2072,California
Inyo,2021-02-05,118,2997,62,1605,56,1392,0,0,116,1377,2,811,116,2188,California
Inyo,2021-02-06,4,3001,2,1607,2,1394,0,0,3,1379,1,812,3,2191,California
Inyo,2021-02-07,4,3005,2,1609,2,1396,0,0,4,1383,0,812,4,2195,California
Inyo,2021-02-08,117,3122,7,1616,110,1506,0,0,97,1460,20,832,97,2292,California
Inyo,2021-02-09,194,3316,51,1667,143,1649,0,0,123,1512,71,903,123,2415,California
Inyo,2021-02-10,143,3459,18,1685,125,1774,0,0,109,1587,34,937,109,2524,California
Inyo,2021-02-11,220,3679,56,1741,164,1938,0,0,126,1619,94,1031,126,2650,California
Inyo,2021-02-12,298,3977,51,1792,247,2185,0,0,167,1655,131,1162,167,2817,California
Inyo,2021-02-13,60,4037,55,1847,5,2190,0,0,8,1611,52,1214,8,2825,California
Inyo,2021-02-14,1,4038,0,1847,1,2191,0,0,1,1612,0,1214,1,2826,California
Inyo,2021-02-15,29,4067,9,1856,20,2211,0,0,5,1593,24,1238,5,2831,California
Inyo,2021-02-16,180,4247,50,1906,130,2341,0,0,92,1597,88,1326,92,2923,California
Inyo,2021-02-17,37,4284,4,1910,33,2374,0,0,7,1574,30,1356,7,2930,California
Inyo,2021-02-18,123,4407,6,1916,117,2491,0,0,79,1609,44,1400,79,3009,California
Inyo,2021-02-19,52,4459,4,1920,48,2539,0,0,9,1575,43,1443,9,3018,California
Inyo,2021-02-20,504,4963,500,2420,4,2543,0,0,502,2075,2,1445,502,3520,California
Inyo,2021-02-21,267,5230,267,2687,0,2543,0,0,267,2342,0,1445,267,3787,California
Inyo,2021-02-22,61,5291,19,2706,42,2585,0,0,27,2335,34,1479,27,3814,California
Inyo,2021-02-23,198,5489,20,2726,178,2763,0,0,94,2326,103,1582,94,3908,California
Inyo,2021-02-24,117,5606,0,2726,117,2880,0,0,57,2323,60,1642,57,3965,California
Inyo,2021-02-25,130,5736,3,2729,127,3007,0,0,62,2317,68,1710,62,4027,California
Inyo,2021-02-26,104,5840,61,2790,43,3050,0,0,19,2251,85,1795,19,4046,California
Inyo,2021-02-27,15,5855,4,2794,11,3061,0,0,3,2242,12,1807,3,4049,California
Inyo,2021-02-28,3,5858,1,2795,2,3063,0,0,2,2243,1,1808,2,4051,California
Inyo,2021-03-01,20,5878,2,2797,18,3081,0,0,17,2257,3,1811,17,4068,California
Inyo,2021-03-02,195,6073,1,2798,194,3275,0,0,111,2284,84,1895,111,4179,California
Inyo,2021-03-03,83,6156,2,2800,81,3356,0,0,40,2281,43,1938,40,4219,California
Inyo,2021-03-04,128,6284,4,2804,124,3480,0,0,46,2245,82,2020,46,4265,California
Inyo,2021-03-05,141,6425,56,2860,85,3565,0,0,38,2180,103,2123,38,4303,California
Inyo,2021-03-06,31,6456,1,2861,30,3595,0,0,30,2209,1,2124,30,4333,California
Inyo,2021-03-07,7,6463,4,2865,3,3598,0,0,5,2212,2,2126,5,4338,California
Inyo,2021-03-08,182,6645,5,2870,177,3775,0,0,91,2212,91,2217,91,4429,California
Inyo,2021-03-09,186,6831,2,2872,184,3959,0,0,71,2168,115,2332,71,4500,California
Inyo,2021-03-10,70,6901,8,2880,61,4020,1,1,30,2159,40,2372,31,4531,California
Inyo,2021-03-11,203,7104,1,2881,197,4217,5,6,73,2107,130,2502,78,4609,California
Inyo,2021-03-12,175,7279,4,2885,166,4383,5,11,77,2091,98,2600,82,4691,California
Inyo,2021-03-13,576,7855,541,3426,25,4408,10,21,77,1680,498,3098,87,4778,California
Inyo,2021-03-14,431,8286,430,3856,1,4409,0,21,168,1586,262,3360,168,4946,California
Inyo,2021-03-15,51,8337,15,3871,34,4443,2,23,30,1597,21,3381,32,4978,California
Inyo,2021-03-16,163,8500,4,3875,153,4596,6,29,63,1567,99,3480,69,5047,California
Inyo,2021-03-17,107,8607,3,3878,97,4693,7,36,92,1651,15,3495,99,5146,California
Inyo,2021-03-18,183,8790,15,3893,161,4854,7,43,103,1681,80,3575,110,5256,California
Inyo,2021-03-19,46,8836,4,3897,38,4892,4,47,36,1711,10,3585,40,5296,California
Inyo,2021-03-20,20,8856,1,3898,10,4902,9,56,1,1702,19,3604,10,5306,California
Inyo,2021-03-22,59,8915,2,3900,52,4954,5,61,39,1726,20,3624,44,5350,California
Inyo,2021-03-23,194,9109,4,3904,186,5140,4,65,104,1744,90,3714,108,5458,California
Inyo,2021-03-24,140,9249,3,3907,133,5273,4,69,87,1782,53,3767,91,5549,California
Inyo,2021-03-25,325,9574,104,4011,217,5490,4,73,259,1979,66,3833,263,5812,California
Inyo,2021-03-26,91,9665,3,4014,84,5574,4,77,71,2034,20,3853,75,5887,California
Inyo,2021-03-27,52,9717,44,4058,5,5579,3,80,46,2077,6,3859,49,5936,California
Inyo,2021-03-28,4,9721,1,4059,2,5581,1,81,1,2076,3,3862,2,5938,California
Inyo,2021-03-29,109,9830,2,4061,102,5683,5,86,82,2137,26,3888,87,6025,California
Inyo,2021-03-30,211,10041,2,4063,204,5887,5,91,101,2133,110,3998,106,6131,California
Inyo,2021-03-31,147,10188,4,4067,138,6025,5,96,106,2203,41,4039,111,6242,California
Inyo,2021-04-01,164,10352,4,4071,159,6184,1,97,115,2270,49,4088,116,6358,California
Inyo,2021-04-02,81,10433,1,4072,78,6262,2,99,52,2295,29,4117,54,6412,California
Inyo,2021-04-03,94,10527,47,4119,33,6295,14,113,6,2228,86,4203,19,6431,California
Inyo,2021-04-04,5,10532,4,4123,0,6295,1,114,1,2226,4,4207,2,6433,California
Inyo,2021-04-05,117,10649,1,4124,112,6407,4,118,29,2171,88,4295,33,6466,California
Inyo,2021-04-06,235,10884,6,4130,166,6573,63,181,104,2207,131,4426,167,6633,California
Inyo,2021-04-07,200,11084,2,4132,72,6645,126,307,44,2221,156,4582,170,6803,California
Inyo,2021-04-08,177,11261,15,4147,145,6790,17,324,80,2221,97,4679,97,6900,California
Inyo,2021-04-09,124,11385,6,4153,95,6885,23,347,37,2195,86,4765,60,6960,California
Inyo,2021-04-10,42,11427,1,4154,24,6909,17,364,3,2176,39,4804,20,6980,California
Inyo,2021-04-11,1,11428,0,4154,1,6910,0,364,1,2177,0,4804,1,6981,California
Inyo,2021-04-12,80,11508,0,4154,75,6985,5,369,41,2184,39,4843,46,7027,California
Inyo,2021-04-13,119,11627,3,4157,113,7098,3,372,61,2191,57,4900,64,7091,California
Inyo,2021-04-14,121,11748,2,4159,119,7217,0,372,38,2146,83,4983,38,7129,California
Inyo,2021-04-15,261,12009,102,4261,159,7376,0,372,82,2049,179,5162,82,7211,California
Inyo,2021-04-16,49,12058,6,4267,43,7419,0,372,21,2042,28,5190,21,7232,California
Inyo,2021-04-17,2,12060,1,4268,1,7420,0,372,1,2042,1,5191,1,7233,California
Inyo,2021-04-19,130,12190,43,4311,87,7507,0,372,44,2000,86,5277,44,7277,California
Inyo,2021-04-20,164,12354,3,4314,161,7668,0,372,81,1998,83,5360,81,7358,California
Inyo,2021-04-21,113,12467,4,4318,109,7777,0,372,32,1949,81,5441,32,7390,California
Inyo,2021-04-22,195,12662,1,4319,194,7971,0,372,52,1858,143,5584,52,7442,California
Inyo,2021-04-23,95,12757,4,4323,91,8062,0,372,22,1807,73,5657,22,7464,California
Inyo,2021-04-24,310,13067,309,4632,1,8063,0,372,305,2107,5,5662,305,7769,California
Inyo,2021-04-25,135,13202,134,4766,1,8064,0,372,135,2242,0,5662,135,7904,California
Inyo,2021-04-26,67,13269,0,4766,66,8130,1,373,8,2192,59,5721,9,7913,California
Inyo,2021-04-27,160,13429,7,4773,148,8278,5,378,47,2131,113,5834,52,7965,California
Inyo,2021-04-28,113,13542,2,4775,111,8389,0,378,17,2052,96,5930,17,7982,California
Inyo,2021-04-29,157,13699,50,4825,106,8495,1,379,70,2036,87,6017,71,8053,California
Inyo,2021-04-30,38,13737,4,4829,32,8527,2,381,13,2026,25,6042,15,8068,California
Kern,2020-12-15,1,1,1,1,0,0,0,0,1,1,0,0,1,1,California
Kern,2020-12-16,18,19,18,19,0,0,0,0,18,19,0,0,18,19,California
Kern,2020-12-17,163,182,163,182,0,0,0,0,163,182,0,0,163,182,California
Kern,2020-12-18,322,504,322,504,0,0,0,0,322,504,0,0,322,504,California
Kern,2020-12-19,98,602,98,602,0,0,0,0,99,603,0,0,99,603,California
Kern,2020-12-20,61,663,61,663,0,0,0,0,61,664,0,0,61,664,California
Kern,2020-12-21,671,1334,670,1333,1,1,0,0,671,1335,0,0,671,1335,California
Kern,2020-12-22,531,1865,528,1861,3,4,0,0,531,1866,0,0,531,1866,California
Kern,2020-12-23,558,2423,419,2280,139,143,0,0,558,2424,0,0,558,2424,California
Kern,2020-12-24,122,2545,43,2323,79,222,0,0,122,2546,0,0,122,2546,California
Kern,2020-12-25,1,2546,1,2324,0,222,0,0,1,2547,0,0,1,2547,California
Kern,2020-12-26,33,2579,1,2325,32,254,0,0,33,2580,0,0,33,2580,California
Kern,2020-12-27,35,2614,3,2328,32,286,0,0,35,2615,0,0,35,2615,California
Kern,2020-12-28,823,3437,659,2987,164,450,0,0,823,3438,0,0,823,3438,California
Kern,2020-12-29,745,4182,452,3439,293,743,0,0,744,4181,1,1,744,4182,California
Kern,2020-12-30,1200,5382,908,4347,292,1035,0,0,1200,5381,0,1,1200,5382,California
Kern,2020-12-31,277,5659,99,4446,178,1213,0,0,277,5658,0,1,277,5659,California
Kern,2021-01-01,12,5671,6,4452,6,1219,0,0,12,5670,0,1,12,5671,California
Kern,2021-01-02,78,5749,18,4470,60,1279,0,0,78,5748,0,1,78,5749,California
Kern,2021-01-03,23,5772,4,4474,19,1298,0,0,23,5771,0,1,23,5772,California
Kern,2021-01-04,553,6325,360,4834,193,1491,0,0,553,6324,0,1,553,6325,California
Kern,2021-01-05,1132,7457,738,5572,394,1885,0,0,1120,7432,12,13,1120,7445,California
Kern,2021-01-06,1166,8623,455,6027,711,2596,0,0,1136,8538,30,43,1136,8581,California
Kern,2021-01-07,1406,10029,493,6520,913,3509,0,0,1238,9609,167,210,1238,9819,California
Kern,2021-01-08,1628,11657,768,7288,860,4369,0,0,1330,10641,299,509,1331,11150,California
Kern,2021-01-09,225,11882,76,7364,149,4518,0,0,191,10798,34,543,191,11341,California
Kern,2021-01-10,194,12076,147,7511,47,4565,0,0,153,10910,41,584,153,11494,California
Kern,2021-01-11,1554,13630,983,8494,571,5136,0,0,999,11354,555,1139,999,12493,California
Kern,2021-01-12,1869,15499,810,9304,1059,6195,0,0,1358,12201,511,1650,1358,13851,California
Kern,2021-01-13,1853,17352,869,10173,984,7179,0,0,1431,13210,422,2072,1431,15282,California
Kern,2021-01-14,2182,19534,645,10818,1537,8716,0,0,2137,15301,46,2118,2137,17419,California
Kern,2021-01-15,2701,22235,857,11675,1844,10560,0,0,2604,17811,95,2213,2605,20024,California
Kern,2021-01-16,671,22906,213,11888,458,11018,0,0,636,18412,35,2248,636,20660,California
Kern,2021-01-17,73,22979,7,11895,66,11084,0,0,71,18481,2,2250,71,20731,California
Kern,2021-01-18,1642,24621,657,12552,985,12069,0,0,1474,19787,168,2418,1474,22205,California
Kern,2021-01-19,1851,26472,1032,13584,819,12888,0,0,1384,20705,467,2885,1385,23590,California
Kern,2021-01-20,2448,28920,1514,15098,934,13822,0,0,1823,21910,620,3505,1825,25415,California
Kern,2021-01-21,2166,31086,920,16018,1246,15068,0,0,1969,23683,196,3701,1969,27384,California
Kern,2021-01-22,2705,33791,1288,17306,1417,16485,0,0,2430,25839,274,3975,2430,29814,California
Kern,2021-01-23,1245,35036,535,17841,710,17195,0,0,1199,26992,46,4021,1199,31013,California
Kern,2021-01-24,160,35196,18,17859,142,17337,0,0,154,27140,6,4027,154,31167,California
Kern,2021-01-25,2383,37579,1084,18943,1299,18636,0,0,1900,28559,482,4509,1901,33068,California
Kern,2021-01-26,2765,40344,1125,20068,1640,20276,0,0,1909,29613,855,5364,1909,34977,California
Kern,2021-01-27,3556,43900,1901,21969,1655,21931,0,0,2856,31772,697,6061,2856,37833,California
Kern,2021-01-28,2861,46761,1352,23321,1509,23440,0,0,2428,33775,428,6489,2431,40264,California
Kern,2021-01-29,3767,50528,1801,25122,1966,25406,0,0,3224,36459,540,7029,3224,43488,California
Kern,2021-01-30,1324,51852,496,25618,828,26234,0,0,1277,37691,45,7074,1277,44765,California
Kern,2021-01-31,402,52254,275,25893,127,26361,0,0,267,37823,135,7209,267,45032,California
Kern,2021-02-01,2409,54663,818,26711,1591,27952,0,0,1858,39134,548,7757,1859,46891,California
Kern,2021-02-02,2922,57585,973,27684,1949,29901,0,0,2059,40331,863,8620,2060,48951,California
Kern,2021-02-03,3653,61238,1548,29232,2105,32006,0,0,2686,42057,960,9580,2686,51637,California
Kern,2021-02-04,3802,65040,1451,30683,2351,34357,0,0,2587,43440,1204,10784,2587,54224,California
Kern,2021-02-05,4847,69887,1988,32671,2859,37216,0,0,3090,44792,1738,12522,3090,57314,California
Kern,2021-02-06,1734,71621,766,33437,968,38184,0,0,1511,46083,220,12742,1511,58825,California
Kern,2021-02-07,284,71905,151,33588,133,38317,0,0,268,46337,14,12756,268,59093,California
Kern,2021-02-08,2560,74465,787,34375,1773,40090,0,0,1256,46308,1286,14042,1257,60350,California
Kern,2021-02-09,3038,77503,986,35361,2052,42142,0,0,1469,46215,1562,15604,1469,61819,California
Kern,2021-02-10,3783,81286,1657,37018,2126,44268,0,0,1895,46239,1872,17476,1896,63715,California
Kern,2021-02-11,4258,85544,1538,38556,2720,46988,0,0,2227,46448,2018,19494,2227,65942,California
Kern,2021-02-12,4947,90491,1890,40446,3057,50045,0,0,2481,46477,2452,21946,2481,68423,California
Kern,2021-02-13,2008,92499,726,41172,1282,51327,0,0,1165,46801,841,22787,1165,69588,California
Kern,2021-02-14,351,92850,12,41184,339,51666,0,0,270,46991,80,22867,270,69858,California
Kern,2021-02-15,2738,95588,889,42073,1849,53515,0,0,1209,46679,1521,24388,1209,71067,California
Kern,2021-02-16,2943,98531,719,42792,2224,55739,0,0,1654,47055,1279,25667,1655,72722,California
Kern,2021-02-17,4066,102597,2076,44868,1990,57729,0,0,1930,46855,2131,27798,1931,74653,California
Kern,2021-02-18,3750,106347,1480,46348,2270,59999,0,0,1617,46352,2120,29918,1617,76270,California
Kern,2021-02-19,4197,110544,1916,48264,2281,62280,0,0,1741,45645,2448,32366,1741,78011,California
Kern,2021-02-20,2570,113114,967,49231,1603,63883,0,0,1339,45756,1228,33594,1339,79350,California
Kern,2021-02-21,247,113361,141,49372,106,63989,0,0,86,45683,159,33753,86,79436,California
Kern,2021-02-22,2656,116017,1148,50520,1508,65497,0,0,1424,45880,1227,34980,1424,80860,California
Kern,2021-02-23,3542,119559,1121,51641,2421,67918,0,0,1977,46295,1563,36543,1978,82838,California
Kern,2021-02-24,5162,124721,2267,53908,2895,70813,0,0,3077,47291,2081,38624,3077,85915,California
Kern,2021-02-25,5352,130073,2445,56353,2907,73720,0,0,3176,48309,2158,40782,3176,89091,California
Kern,2021-02-26,6884,136957,3518,59871,3366,77086,0,0,4357,50147,2520,43302,4358,93449,California
Kern,2021-02-27,3851,140808,1892,61763,1959,79045,0,0,2517,51337,1327,44629,2517,95966,California
Kern,2021-02-28,909,141717,498,62261,410,79455,1,1,690,51811,217,44846,691,96657,California
Kern,2021-03-01,3984,145701,1806,64067,2177,81632,1,2,2691,53218,1285,46131,2692,99349,California
Kern,2021-03-02,4370,150071,1373,65440,2996,84628,1,3,2866,54591,1493,47624,2866,102215,California
Kern,2021-03-03,5798,155869,2700,68140,3098,87726,0,3,3712,56232,2072,49696,3713,105928,California
Kern,2021-03-04,5551,161420,2160,70300,3388,91114,3,6,3556,57809,1981,51677,3558,109486,California
Kern,2021-03-05,6465,167885,2667,72967,3781,94895,17,23,4044,59456,2414,54091,4061,113547,California
Kern,2021-03-06,4711,172596,1911,74878,2699,97594,101,124,3445,61743,1258,55349,3545,117092,California
Kern,2021-03-07,2043,174639,1584,76462,410,98004,49,173,1852,63454,190,55539,1901,118993,California
Kern,2021-03-08,2807,177446,852,77314,1742,99746,213,386,1462,63785,1342,56881,1673,120666,California
Kern,2021-03-09,3622,181068,786,78100,2453,102199,383,769,2230,65009,1387,58268,2611,123277,California
Kern,2021-03-10,6019,187087,2465,80565,2483,104682,1071,1840,3501,67073,2507,60775,4571,127848,California
Kern,2021-03-11,6283,193370,2408,82973,2849,107531,1026,2866,3730,69285,2542,63317,4754,132602,California
Kern,2021-03-12,7657,201027,2919,85892,3386,110917,1352,4218,4153,71287,3494,66811,5496,138098,California
Kern,2021-03-13,4423,205450,2299,88191,1789,112706,335,4553,3005,73209,1412,68223,3334,141432,California
Kern,2021-03-14,2187,207637,1413,89604,534,113240,240,4793,1672,74603,515,68738,1909,143341,California
Kern,2021-03-15,4241,211878,1082,90686,2447,115687,712,5505,2175,75432,2055,70793,2884,146225,California
Kern,2021-03-16,4328,216206,1005,91691,2795,118482,528,6033,2327,76292,1992,72785,2852,149077,California
Kern,2021-03-17,7235,223441,3804,95495,2874,121356,557,6590,4300,78223,2924,75709,4855,153932,California
Kern,2021-03-18,6977,230418,3395,98890,3003,124359,579,7169,4153,80146,2805,78514,4728,158660,California
Kern,2021-03-19,8745,239163,4765,103655,3331,127690,649,7818,4546,81149,4186,82700,5189,163849,California
Kern,2021-03-20,5932,245095,3586,107241,2172,129862,174,7992,3811,83023,2112,84812,3986,167835,California
Kern,2021-03-21,2866,247961,1753,108994,236,130098,877,8869,1687,84413,1174,85986,2564,170399,California
Kern,2021-03-22,3919,251880,1520,110514,2043,132141,356,9225,1900,84658,2011,87997,2256,172655,California
Kern,2021-03-23,4692,256572,1648,112162,2846,134987,198,9423,2486,85163,2177,90174,2682,175337,California
Kern,2021-03-24,6987,263559,3507,115669,3008,137995,472,9895,3663,85986,3310,93484,4133,179470,California
Kern,2021-03-25,6620,270179,2879,118548,3413,141408,328,10223,3268,86244,3336,96820,3594,183064,California
Kern,2021-03-26,9575,279754,4152,122700,4169,145577,1254,11477,4744,87425,4815,101635,5996,189060,California
Kern,2021-03-27,5438,285192,3743,126443,1568,147145,127,11604,3302,88720,2134,103769,3429,192489,California
Kern,2021-03-28,4320,289512,3832,130275,474,147619,14,11618,2769,89953,1550,105319,2783,195272,California
Kern,2021-03-29,4189,293701,1637,131912,2274,149893,278,11896,2607,91265,1571,106890,2883,198155,California
Kern,2021-03-30,5491,299192,1820,133732,3305,153198,366,12262,3067,92276,2420,109310,3431,201586,California
Kern,2021-03-31,8045,307237,4236,137968,3164,156362,645,12907,4253,93390,3782,113092,4896,206482,California
Kern,2021-04-01,7585,314822,3633,141601,3655,160017,297,13204,4093,94297,3479,116571,4386,210868,California
Kern,2021-04-02,8127,322949,4183,145784,3341,163358,603,13807,4075,94934,4037,120608,4674,215542,California
Kern,2021-04-03,5678,328627,3383,149167,2113,165471,182,13989,2592,94627,3079,123687,2772,218314,California
Kern,2021-04-04,1331,329958,865,150032,382,165853,84,14073,550,94482,779,124466,634,218948,California
Kern,2021-04-05,5307,335265,2192,152224,2350,168203,765,14838,2881,95691,2416,126882,3625,222573,California
Kern,2021-04-06,6882,342147,2458,154682,3212,171415,1212,16050,3602,97242,3261,130143,4812,227385,California
Kern,2021-04-07,9191,351338,5347,160029,2889,174304,955,17005,4597,98215,4578,134721,5551,232936,California
Kern,2021-04-08,8568,359906,4737,164766,2931,177235,900,17905,3920,98409,4625,139346,4819,237755,California
Kern,2021-04-09,9805,369711,5086,169852,3738,180973,981,18886,4360,98323,5425,144771,5339,243094,California
Kern,2021-04-10,6521,376232,3430,173282,1854,182827,1237,20123,2300,97641,4213,148984,3531,246625,California
Kern,2021-04-11,3761,379993,2887,176169,357,183184,517,20640,1426,97258,2324,151308,1941,248566,California
Kern,2021-04-12,4342,384335,978,177147,2398,185582,966,21606,1569,97033,2758,154066,2533,251099,California
Kern,2021-04-13,4261,388596,1409,178556,2827,188409,25,21631,2126,97060,2125,156191,2152,253251,California
Kern,2021-04-14,6012,394608,2954,181510,3036,191445,22,21653,3059,97202,2938,159129,3080,256331,California
Kern,2021-04-15,5196,399804,2434,183944,2760,194205,2,21655,2501,97023,2682,161811,2503,258834,California
Kern,2021-04-16,6920,406724,3410,187354,3509,197714,1,21656,3027,96180,3872,165683,3029,261863,California
Kern,2021-04-17,5888,412612,3846,191200,2042,199756,0,21656,2250,94804,3627,169310,2251,264114,California
Kern,2021-04-18,3617,416229,3381,194581,236,199992,0,21656,1055,93303,2556,171866,1055,265169,California
Kern,2021-04-19,3797,420026,1725,196306,2071,202063,1,21657,1438,92401,2340,174206,1438,266607,California
Kern,2021-04-20,4263,424289,1529,197835,2733,204796,1,21658,1639,91429,2613,176819,1641,268248,California
Kern,2021-04-21,5833,430122,3120,200955,2708,207504,5,21663,2270,90159,3544,180363,2274,270522,California
Kern,2021-04-22,4773,434895,2305,203260,2468,209972,0,21663,1776,88960,2976,183339,1777,272299,California
Kern,2021-04-23,5805,440700,2912,206172,2892,212864,1,21664,1951,87092,3821,187160,1953,274252,California
Kern,2021-04-24,3926,444626,2728,208900,1188,214052,10,21674,1482,86154,2430,189590,1492,275744,California
Kern,2021-04-25,1340,445966,1064,209964,276,214328,0,21674,772,86363,563,190153,772,276516,California
Kern,2021-04-26,3601,449567,1741,211705,1807,216135,53,21727,985,84793,2608,192761,1038,277554,California
Kern,2021-04-27,4423,453990,2180,213885,2141,218276,102,21829,1326,83134,3083,195844,1424,278978,California
Kern,2021-04-28,5642,459632,3254,217139,2269,220545,119,21948,1662,80944,3969,199813,1779,280757,California
Kern,2021-04-29,4027,463659,2129,219268,1828,222373,70,22018,1044,79093,2966,202779,1115,281872,California
Kern,2021-04-30,4206,467865,2548,221816,1531,223904,127,22145,1117,77259,3078,205857,1244,283116,California
Kings,2020-12-16,1,1,1,1,0,0,0,0,1,1,0,0,1,1,California
Kings,2020-12-17,8,9,8,9,0,0,0,0,8,9,0,0,8,9,California
Kings,2020-12-18,12,21,12,21,0,0,0,0,12,21,0,0,12,21,California
Kings,2020-12-19,11,32,11,32,0,0,0,0,11,32,0,0,11,32,California
Kings,2020-12-20,13,45,13,45,0,0,0,0,13,45,0,0,13,45,California
Kings,2020-12-21,156,201,156,201,0,0,0,0,269,314,0,0,269,314,California
Kings,2020-12-22,143,344,143,344,0,0,0,0,140,454,0,0,140,454,California
Kings,2020-12-23,134,478,122,466,12,12,0,0,135,589,0,0,135,589,California
Kings,2020-12-24,11,489,9,475,2,14,0,0,11,600,0,0,11,600,California
Kings,2020-12-26,7,496,4,479,3,17,0,0,7,607,0,0,7,607,California
Kings,2020-12-27,4,500,4,483,0,17,0,0,4,611,0,0,4,611,California
Kings,2020-12-28,131,631,103,586,28,45,0,0,132,743,0,0,132,743,California
Kings,2020-12-29,78,709,51,637,27,72,0,0,79,822,0,0,79,822,California
Kings,2020-12-30,147,856,108,745,39,111,0,0,147,969,0,0,147,969,California
Kings,2020-12-31,45,901,6,751,39,150,0,0,45,1014,0,0,45,1014,California
Kings,2021-01-01,1,902,0,751,1,151,0,0,1,1015,0,0,1,1015,California
Kings,2021-01-02,10,912,9,760,1,152,0,0,10,1025,0,0,10,1025,California
Kings,2021-01-04,112,1024,42,802,70,222,0,0,112,1137,0,0,112,1137,California
Kings,2021-01-05,196,1220,39,841,157,379,0,0,196,1333,0,0,196,1333,California
Kings,2021-01-06,276,1496,177,1018,99,478,0,0,273,1603,3,3,273,1606,California
Kings,2021-01-07,178,1674,81,1099,97,575,0,0,170,1765,8,11,170,1776,California
Kings,2021-01-08,247,1921,54,1153,193,768,0,0,228,1974,19,30,228,2004,California
Kings,2021-01-09,63,1984,9,1162,54,822,0,0,55,2021,8,38,55,2059,California
Kings,2021-01-10,15,1999,3,1165,12,834,0,0,12,2030,3,41,12,2071,California
Kings,2021-01-11,518,2517,354,1519,164,998,0,0,276,2065,242,283,277,2348,California
Kings,2021-01-12,350,2867,253,1772,97,1095,0,0,216,2150,131,414,216,2564,California
Kings,2021-01-13,414,3281,267,2039,147,1242,0,0,323,2382,91,505,323,2887,California
Kings,2021-01-14,208,3489,31,2070,177,1419,0,0,198,2560,21,526,199,3086,California
Kings,2021-01-15,416,3905,29,2099,387,1806,0,0,404,2952,12,538,404,3490,California
Kings,2021-01-16,31,3936,12,2111,19,1825,0,0,30,2981,1,539,30,3520,California
Kings,2021-01-17,8,3944,5,2116,3,1828,0,0,6,2985,2,541,6,3526,California
Kings,2021-01-18,172,4116,40,2156,132,1960,0,0,146,3105,26,567,146,3672,California
Kings,2021-01-19,376,4492,158,2314,218,2178,0,0,248,3225,128,695,248,3920,California
Kings,2021-01-20,225,4717,134,2448,91,2269,0,0,120,3244,101,796,120,4040,California
Kings,2021-01-21,186,4903,32,2480,154,2423,0,0,172,3400,16,812,172,4212,California
Kings,2021-01-22,125,5028,39,2519,86,2509,0,0,125,3520,5,817,125,4337,California
Kings,2021-01-23,26,5054,14,2533,12,2521,0,0,20,3534,6,823,20,4357,California
Kings,2021-01-24,4,5058,4,2537,0,2521,0,0,2,3534,2,825,2,4359,California
Kings,2021-01-25,124,5182,26,2563,98,2619,0,0,90,3590,34,859,90,4449,California
Kings,2021-01-26,154,5336,35,2598,119,2738,0,0,115,3666,39,898,115,4564,California
Kings,2021-01-27,319,5655,34,2632,285,3023,0,0,249,3846,69,967,249,4813,California
Kings,2021-01-28,326,5981,46,2678,280,3303,0,0,271,4062,55,1022,271,5084,California
Kings,2021-01-29,86,6067,26,2704,60,3363,0,0,69,4114,17,1039,69,5153,California
Kings,2021-01-30,1556,7623,31,2735,1525,4888,0,0,1553,5666,3,1042,1555,6708,California
Kings,2021-02-01,199,7822,64,2799,135,5023,0,0,72,5613,125,1167,72,6780,California
Kings,2021-02-02,226,8048,14,2813,212,5235,0,0,82,5552,143,1310,82,6862,California
Kings,2021-02-03,358,8406,192,3005,166,5401,0,0,203,5601,154,1464,203,7065,California
Kings,2021-02-04,395,8801,98,3103,297,5698,0,0,199,5605,195,1659,199,7264,California
Kings,2021-02-05,256,9057,14,3117,242,5940,0,0,101,5553,153,1812,101,7365,California
Kings,2021-02-06,60,9117,10,3127,50,5990,0,0,27,5547,33,1845,27,7392,California
Kings,2021-02-07,5,9122,3,3130,2,5992,0,0,3,5548,2,1847,3,7395,California
Kings,2021-02-08,170,9292,29,3159,141,6133,0,0,68,5514,102,1949,68,7463,California
Kings,2021-02-09,253,9545,57,3216,196,6329,0,0,110,5483,141,2090,110,7573,California
Kings,2021-02-10,286,9831,112,3328,174,6503,0,0,173,5543,113,2203,173,7746,California
Kings,2021-02-11,429,10260,65,3393,364,6867,0,0,318,5751,110,2313,318,8064,California
Kings,2021-02-12,610,10870,36,3429,574,7441,0,0,339,5819,271,2584,339,8403,California
Kings,2021-02-13,103,10973,6,3435,97,7538,0,0,78,5872,25,2609,78,8481,California
Kings,2021-02-14,102,11075,4,3439,98,7636,0,0,94,5958,8,2617,94,8575,California
Kings,2021-02-15,246,11321,5,3444,241,7877,0,0,137,5987,108,2725,137,8712,California
Kings,2021-02-16,485,11806,33,3477,452,8329,0,0,250,6003,234,2959,250,8962,California
Kings,2021-02-17,379,12185,22,3499,357,8686,0,0,242,6109,137,3096,243,9205,California
Kings,2021-02-18,155,12340,23,3522,132,8818,0,0,98,6150,57,3153,98,9303,California
Kings,2021-02-19,158,12498,23,3545,135,8953,0,0,102,6199,53,3206,102,9405,California
Kings,2021-02-20,171,12669,40,3585,131,9084,0,0,134,6296,37,3243,134,9539,California
Kings,2021-02-21,3,12672,2,3587,1,9085,0,0,3,6299,0,3243,3,9542,California
Kings,2021-02-22,110,12782,19,3606,91,9176,0,0,51,6291,59,3302,51,9593,California
Kings,2021-02-23,296,13078,69,3675,227,9403,0,0,179,6353,117,3419,179,9772,California
Kings,2021-02-24,592,13670,154,3829,438,9841,0,0,380,6521,212,3631,380,10152,California
Kings,2021-02-25,662,14332,112,3941,550,10391,0,0,444,6749,216,3847,444,10596,California
Kings,2021-02-26,657,14989,129,4070,528,10919,0,0,594,7281,62,3909,594,11190,California
Kings,2021-02-27,1498,16487,62,4132,1436,12355,0,0,564,6912,933,4842,564,11754,California
Kings,2021-02-28,1170,17657,595,4727,575,12930,0,0,672,7089,495,5337,672,12426,California
Kings,2021-03-01,259,17916,79,4806,180,13110,0,0,214,7258,45,5382,214,12640,California
Kings,2021-03-02,470,18386,206,5012,264,13374,0,0,420,7629,50,5432,421,13061,California
Kings,2021-03-03,625,19011,302,5314,323,13697,0,0,437,7879,187,5619,437,13498,California
Kings,2021-03-04,714,19725,343,5657,371,14068,0,0,618,8402,96,5715,619,14117,California
Kings,2021-03-05,1006,20731,349,6006,648,14716,9,9,890,9186,116,5831,900,15017,California
Kings,2021-03-06,511,21242,184,6190,314,15030,13,22,482,9652,29,5860,495,15512,California
Kings,2021-03-07,366,21608,225,6415,137,15167,4,26,358,10006,8,5868,362,15874,California
Kings,2021-03-08,350,21958,97,6512,200,15367,53,79,241,10190,109,5977,293,16167,California
Kings,2021-03-09,517,22475,238,6750,224,15591,55,134,411,10551,106,6083,467,16634,California
Kings,2021-03-10,503,22978,124,6874,288,15879,91,225,320,10779,182,6265,410,17044,California
Kings,2021-03-11,1018,23996,305,7179,603,16482,110,335,613,11099,403,6668,723,17767,California
Kings,2021-03-12,1308,25304,392,7571,822,17304,94,429,907,11702,400,7068,1003,18770,California
Kings,2021-03-13,672,25976,332,7903,296,17600,44,473,545,12165,127,7195,590,19360,California
Kings,2021-03-14,671,26647,101,8004,184,17784,386,859,200,12280,471,7666,586,19946,California
Kings,2021-03-15,666,27313,230,8234,321,18105,115,974,430,12592,235,7901,547,20493,California
Kings,2021-03-16,1039,28352,439,8673,539,18644,61,1035,703,13020,336,8237,764,21257,California
Kings,2021-03-17,1088,29440,416,9089,611,19255,61,1096,770,13540,318,8555,838,22095,California
Kings,2021-03-18,1097,30537,466,9555,409,19664,222,1318,765,14199,331,8886,990,23085,California
Kings,2021-03-19,931,31468,468,10023,378,20042,85,1403,714,14794,217,9103,812,23897,California
Kings,2021-03-20,621,32089,254,10277,337,20379,30,1433,448,15108,171,9274,485,24382,California
Kings,2021-03-21,1400,33489,1085,11362,304,20683,11,1444,847,15413,553,9827,858,25240,California
Kings,2021-03-22,449,33938,203,11565,163,20846,83,1527,276,15603,173,10000,363,25603,California
Kings,2021-03-23,898,34836,492,12057,343,21189,63,1590,575,15923,321,10321,641,26244,California
Kings,2021-03-24,918,35754,475,12532,420,21609,23,1613,510,16052,406,10727,535,26779,California
Kings,2021-03-25,885,36639,440,12972,419,22028,26,1639,443,16081,440,11167,469,27248,California
Kings,2021-03-26,1279,37918,372,13344,822,22850,85,1724,527,15945,747,11914,611,27859,California
Kings,2021-03-27,616,38534,245,13589,359,23209,12,1736,169,15681,445,12359,181,28040,California
Kings,2021-03-28,547,39081,476,14065,64,23273,7,1743,341,15831,206,12565,356,28396,California
Kings,2021-03-29,456,39537,201,14266,195,23468,60,1803,250,15936,204,12769,309,28705,California
Kings,2021-03-30,835,40372,462,14728,335,23803,38,1841,416,15972,418,13187,454,29159,California
Kings,2021-03-31,724,41096,375,15103,285,24088,64,1905,416,16151,301,13488,480,29639,California
Kings,2021-04-01,745,41841,373,15476,293,24381,79,1984,340,16171,399,13887,419,30058,California
Kings,2021-04-02,974,42815,422,15898,430,24811,122,2106,426,16175,543,14430,547,30605,California
Kings,2021-04-03,472,43287,328,16226,136,24947,8,2114,160,16039,306,14736,170,30775,California
Kings,2021-04-04,156,43443,82,16308,68,25015,6,2120,44,15978,111,14847,50,30825,California
Kings,2021-04-05,1043,44486,320,16628,473,25488,250,2370,253,15692,789,15636,503,31328,California
Kings,2021-04-06,1180,45666,447,17075,426,25914,307,2677,296,15413,881,16517,602,31930,California
Kings,2021-04-07,1338,47004,639,17714,515,26429,184,2861,412,15086,923,17440,596,32526,California
Kings,2021-04-08,1591,48595,627,18341,713,27142,251,3112,363,14479,1221,18661,614,33140,California
Kings,2021-04-09,1103,49698,522,18863,407,27549,174,3286,237,14024,864,19525,409,33549,California
Kings,2021-04-10,590,50288,328,19191,160,27709,102,3388,179,13895,410,19935,281,33830,California
Kings,2021-04-11,324,50612,74,19265,244,27953,6,3394,192,13961,132,20067,198,34028,California
Kings,2021-04-12,696,51308,310,19575,186,28139,200,3594,190,13847,504,20571,390,34418,California
Kings,2021-04-13,873,52181,501,20076,372,28511,0,3594,281,13542,591,21162,286,34704,California
Kings,2021-04-14,1020,53201,564,20640,456,28967,0,3594,371,13265,649,21811,372,35076,California
Kings,2021-04-15,1018,54219,494,21134,523,29490,1,3595,451,13151,566,22377,452,35528,California
Kings,2021-04-16,764,54983,360,21494,404,29894,0,3595,268,12924,495,22872,268,35796,California
Kings,2021-04-17,455,55438,242,21736,213,30107,0,3595,199,12868,255,23127,199,35995,California
Kings,2021-04-18,548,55986,238,21974,310,30417,0,3595,69,12458,479,23606,69,36064,California
Kings,2021-04-19,522,56508,287,22261,234,30651,1,3596,284,12506,236,23842,284,36348,California
Kings,2021-04-20,727,57235,440,22701,287,30938,0,3596,241,12263,484,24326,241,36589,California
Kings,2021-04-21,631,57866,305,23006,326,31264,0,3596,219,12075,407,24733,219,36808,California
Kings,2021-04-22,547,58413,275,23281,272,31536,0,3596,205,11942,339,25072,206,37014,California
Kings,2021-04-23,661,59074,290,23571,371,31907,0,3596,328,11941,329,25401,328,37342,California
Kings,2021-04-24,240,59314,174,23745,65,31972,1,3597,116,11935,123,25524,117,37459,California
Kings,2021-04-25,195,59509,176,23921,19,31991,0,3597,159,12058,36,25560,159,37618,California
Kings,2021-04-26,287,59796,147,24068,137,32128,3,3600,181,12137,105,25665,184,37802,California
Kings,2021-04-27,392,60188,171,24239,200,32328,21,3621,161,12089,230,25895,182,37984,California
Kings,2021-04-28,444,60632,235,24474,194,32522,15,3636,239,12138,205,26100,254,38238,California
Kings,2021-04-29,227,60859,75,24549,141,32663,11,3647,101,12126,124,26224,112,38350,California
Kings,2021-04-30,252,61111,97,24646,142,32805,13,3660,90,12069,160,26384,103,38453,California
Lake,2020-12-17,4,4,4,4,0,0,0,0,4,4,0,0,4,4,California
Lake,2020-12-18,51,55,51,55,0,0,0,0,51,55,0,0,51,55,California
Lake,2020-12-19,3,58,3,58,0,0,0,0,3,58,0,0,3,58,California
Lake,2020-12-20,6,64,6,64,0,0,0,0,6,64,0,0,6,64,California
Lake,2020-12-21,86,150,86,150,0,0,0,0,86,150,0,0,86,150,California
Lake,2020-12-22,63,213,60,210,3,3,0,0,63,213,0,0,63,213,California
Lake,2020-12-23,123,336,114,324,9,12,0,0,123,336,0,0,123,336,California
Lake,2020-12-24,2,338,0,324,2,14,0,0,2,338,0,0,2,338,California
Lake,2020-12-26,2,340,2,326,0,14,0,0,2,340,0,0,2,340,California
Lake,2020-12-27,2,342,2,328,0,14,0,0,2,342,0,0,2,342,California
Lake,2020-12-28,52,394,43,371,9,23,0,0,52,394,0,0,52,394,California
Lake,2020-12-29,51,445,46,417,5,28,0,0,51,445,0,0,51,445,California
Lake,2020-12-30,124,569,117,534,7,35,0,0,124,569,0,0,124,569,California
Lake,2020-12-31,67,636,64,598,3,38,0,0,67,636,0,0,67,636,California
Lake,2021-01-01,1,637,0,598,1,39,0,0,1,637,0,0,1,637,California
Lake,2021-01-02,2,639,1,599,1,40,0,0,2,639,0,0,2,639,California
Lake,2021-01-04,87,726,21,620,66,106,0,0,87,726,0,0,87,726,California
Lake,2021-01-05,120,846,59,679,61,167,0,0,118,842,2,2,118,844,California
Lake,2021-01-06,105,951,65,744,40,207,0,0,103,943,2,4,103,947,California
Lake,2021-01-07,107,1058,84,828,23,230,0,0,98,1032,9,13,98,1045,California
Lake,2021-01-08,152,1210,124,952,28,258,0,0,100,1080,52,65,100,1145,California
Lake,2021-01-09,63,1273,61,1013,2,260,0,0,59,1135,4,69,59,1204,California
Lake,2021-01-10,3,1276,3,1016,0,260,0,0,0,1132,3,72,0,1204,California
Lake,2021-01-11,192,1468,151,1167,41,301,0,0,112,1164,80,152,112,1316,California
Lake,2021-01-12,80,1548,48,1215,32,333,0,0,56,1196,24,176,56,1372,California
Lake,2021-01-13,164,1712,112,1327,52,385,0,0,107,1246,57,233,107,1479,California
Lake,2021-01-14,147,1859,46,1373,101,486,0,0,125,1349,22,255,125,1604,California
Lake,2021-01-15,215,2074,92,1465,123,609,0,0,188,1510,27,282,188,1792,California
Lake,2021-01-16,134,2208,81,1546,53,662,0,0,132,1640,2,284,132,1924,California
Lake,2021-01-17,18,2226,6,1552,12,674,0,0,12,1646,6,290,12,1936,California
Lake,2021-01-18,246,2472,226,1778,20,694,0,0,126,1652,120,410,126,2062,California
Lake,2021-01-19,311,2783,117,1895,194,888,0,0,266,1874,45,455,267,2329,California
Lake,2021-01-20,422,3205,80,1975,342,1230,0,0,358,2169,63,518,358,2687,California
Lake,2021-01-21,433,3638,49,2024,384,1614,0,0,398,2532,35,553,398,3085,California
Lake,2021-01-22,318,3956,46,2070,272,1886,0,0,282,2778,36,589,282,3367,California
Lake,2021-01-23,122,4078,5,2075,117,2003,0,0,121,2898,1,590,121,3488,California
Lake,2021-01-24,4,4082,1,2076,3,2006,0,0,4,2902,0,590,4,3492,California
Lake,2021-01-25,257,4339,95,2171,162,2168,0,0,176,2997,81,671,176,3668,California
Lake,2021-01-26,428,4767,36,2207,392,2560,0,0,405,3379,23,694,405,4073,California
Lake,2021-01-27,359,5126,41,2248,318,2878,0,0,331,3683,28,722,332,4405,California
Lake,2021-01-28,499,5625,161,2409,338,3216,0,0,370,3924,129,851,370,4775,California
Lake,2021-01-29,637,6262,83,2492,554,3770,0,0,577,4441,60,911,577,5352,California
Lake,2021-01-30,556,6818,45,2537,511,4281,0,0,550,4985,6,917,550,5902,California
Lake,2021-01-31,14,6832,8,2545,6,4287,0,0,12,4995,2,919,12,5914,California
Lake,2021-02-01,179,7011,18,2563,161,4448,0,0,166,5148,13,932,166,6080,California
Lake,2021-02-02,563,7574,152,2715,411,4859,0,0,397,5379,166,1098,397,6477,California
Lake,2021-02-03,445,8019,33,2748,412,5271,0,0,340,5614,105,1203,340,6817,California
Lake,2021-02-04,120,8139,69,2817,51,5322,0,0,73,5640,47,1250,73,6890,California
Lake,2021-02-05,378,8517,69,2886,309,5631,0,0,288,5840,88,1338,288,7178,California
Lake,2021-02-06,275,8792,40,2926,235,5866,0,0,264,6093,11,1349,264,7442,California
Lake,2021-02-07,2,8794,1,2927,1,5867,0,0,2,6095,0,1349,2,7444,California
Lake,2021-02-08,278,9072,206,3133,72,5939,0,0,159,6135,119,1468,159,7603,California
Lake,2021-02-09,345,9417,25,3158,320,6259,0,0,301,6393,43,1511,301,7904,California
Lake,2021-02-10,350,9767,55,3213,295,6554,0,0,274,6591,76,1587,274,8178,California
Lake,2021-02-11,169,9936,18,3231,151,6705,0,0,56,6534,113,1700,56,8234,California
Lake,2021-02-12,377,10313,29,3260,348,7053,0,0,290,6738,86,1786,290,8524,California
Lake,2021-02-13,248,10561,9,3269,239,7292,0,0,237,6964,11,1797,237,8761,California
Lake,2021-02-14,19,10580,4,3273,15,7307,0,0,6,6957,13,1810,6,8767,California
Lake,2021-02-15,172,10752,13,3286,159,7466,0,0,8,6802,163,1973,8,8775,California
Lake,2021-02-16,423,11175,23,3309,400,7866,0,0,176,6731,247,2220,176,8951,California
Lake,2021-02-17,351,11526,54,3363,297,8163,0,0,70,6521,280,2500,70,9021,California
Lake,2021-02-18,457,11983,69,3432,388,8551,0,0,114,6292,343,2843,114,9135,California
Lake,2021-02-19,418,12401,25,3457,393,8944,0,0,93,6060,325,3168,93,9228,California
Lake,2021-02-20,294,12695,60,3517,234,9178,0,0,251,6269,42,3210,251,9479,California
Lake,2021-02-21,6,12701,6,3523,0,9178,0,0,0,6263,6,3216,0,9479,California
Lake,2021-02-22,140,12841,24,3547,116,9294,0,0,43,6209,97,3313,43,9522,California
Lake,2021-02-23,213,13054,14,3561,199,9493,0,0,28,6052,185,3498,28,9550,California
Lake,2021-02-24,956,14010,378,3939,578,10071,0,0,417,5931,538,4036,417,9967,California
Lake,2021-02-25,731,14741,463,4402,268,10339,0,0,471,6144,258,4294,471,10438,California
Lake,2021-02-26,996,15737,304,4706,692,11031,0,0,350,5851,643,4937,350,10788,California
Lake,2021-02-27,410,16147,97,4803,313,11344,0,0,328,6097,82,5019,328,11116,California
Lake,2021-02-28,18,16165,12,4815,6,11350,0,0,10,6099,8,5027,10,11126,California
Lake,2021-03-01,596,16761,53,4868,543,11893,0,0,443,6389,153,5180,443,11569,California
Lake,2021-03-02,744,17505,18,4886,726,12619,0,0,291,6226,454,5634,291,11860,California
Lake,2021-03-03,360,17865,197,5083,163,12782,0,0,135,6136,225,5859,135,11995,California
Lake,2021-03-04,576,18441,508,5591,68,12850,0,0,561,6682,15,5874,561,12556,California
Lake,2021-03-05,1037,19478,40,5631,997,13847,0,0,174,5997,859,6733,174,12730,California
Lake,2021-03-06,36,19514,11,5642,24,13871,1,1,21,6004,15,6748,22,12752,California
Lake,2021-03-07,7,19521,5,5647,2,13873,0,1,4,6005,3,6751,4,12756,California
Lake,2021-03-08,339,19860,267,5914,63,13936,9,10,299,6273,40,6791,308,13064,California
Lake,2021-03-09,914,20774,29,5943,868,14804,17,27,392,6161,521,7312,409,13473,California
Lake,2021-03-10,204,20978,60,6003,131,14935,13,40,136,6242,68,7380,149,13622,California
Lake,2021-03-11,583,21561,47,6050,62,14997,474,514,48,6229,535,7915,522,14144,California
Lake,2021-03-12,854,22415,203,6253,627,15624,24,538,363,6126,490,8405,387,14531,California
Lake,2021-03-13,278,22693,21,6274,20,15644,237,775,16,6117,261,8666,252,14783,California
Lake,2021-03-14,11,22704,2,6276,9,15653,0,775,7,6120,4,8670,7,14790,California
Lake,2021-03-15,642,23346,14,6290,611,16264,17,792,483,6461,159,8829,500,15290,California
Lake,2021-03-16,1113,24459,834,7124,262,16526,17,809,447,6262,662,9491,463,15753,California
Lake,2021-03-17,247,24706,122,7246,103,16629,22,831,90,6217,157,9648,112,15865,California
Lake,2021-03-18,748,25454,373,7619,338,16967,37,868,372,6250,375,10023,408,16273,California
Lake,2021-03-19,580,26034,313,7932,247,17214,20,888,474,6639,105,10128,494,16767,California
Lake,2021-03-20,248,26282,8,7940,237,17451,3,891,29,6454,217,10345,32,16799,California
Lake,2021-03-21,16,26298,11,7951,4,17455,1,892,11,6461,5,10350,12,16811,California
Lake,2021-03-22,324,26622,244,8195,66,17521,14,906,238,6627,86,10436,252,17063,California
Lake,2021-03-23,416,27038,18,8213,385,17906,13,919,353,6931,62,10498,366,17429,California
Lake,2021-03-24,414,27452,61,8274,345,18251,8,927,317,7161,96,10594,326,17755,California
Lake,2021-03-25,656,28108,468,8742,182,18433,6,933,172,6855,484,11078,178,17933,California
Lake,2021-03-26,69,28177,33,8775,35,18468,1,934,45,6877,24,11102,46,17979,California
Lake,2021-03-27,309,28486,7,8782,299,18767,3,937,17,6607,290,11392,20,17999,California
Lake,2021-03-28,16,28502,7,8789,9,18776,0,937,10,6611,6,11398,10,18009,California
Lake,2021-03-29,899,29401,268,9057,629,19405,2,939,193,6102,704,12102,195,18204,California
Lake,2021-03-30,454,29855,305,9362,147,19552,2,941,368,6387,85,12187,370,18574,California
Lake,2021-03-31,583,30438,60,9422,523,20075,0,941,418,6648,157,12344,418,18992,California
Lake,2021-04-01,424,30862,219,9641,193,20268,12,953,179,6597,242,12586,191,19183,California
Lake,2021-04-02,221,31083,40,9681,153,20421,28,981,98,6600,123,12709,126,19309,California
Lake,2021-04-03,30,31113,6,9687,21,20442,3,984,11,6595,19,12728,14,19323,California
Lake,2021-04-04,21,31134,11,9698,8,20450,2,986,16,6608,5,12733,18,19341,California
Lake,2021-04-05,635,31769,70,9768,546,20996,19,1005,396,6786,236,12969,414,19755,California
Lake,2021-04-06,471,32240,15,9783,430,21426,26,1031,299,6940,171,13140,325,20080,California
Lake,2021-04-07,516,32756,56,9839,410,21836,50,1081,350,7176,164,13304,400,20480,California
Lake,2021-04-08,598,33354,485,10324,46,21882,67,1148,102,6852,493,13797,169,20649,California
Lake,2021-04-09,283,33637,44,10368,170,22052,69,1217,49,6739,231,14028,118,20767,California
Lake,2021-04-10,253,33890,15,10383,14,22066,224,1441,11,6732,242,14270,235,21002,California
Lake,2021-04-11,22,33912,17,10400,3,22069,2,1443,7,6726,15,14285,9,21011,California
Lake,2021-04-12,1068,34980,231,10631,804,22873,33,1476,248,6188,819,15104,281,21292,California
Lake,2021-04-13,180,35160,109,10740,71,22944,0,1476,53,6114,127,15231,53,21345,California
Lake,2021-04-14,607,35767,36,10776,571,23515,0,1476,547,6601,60,15291,547,21892,California
Lake,2021-04-15,623,36390,176,10952,447,23962,0,1476,316,6610,307,15598,316,22208,California
Lake,2021-04-16,259,36649,25,10977,233,24195,1,1477,69,6491,189,15787,70,22278,California
Lake,2021-04-17,39,36688,11,10988,28,24223,0,1477,29,6510,10,15797,29,22307,California
Lake,2021-04-18,8,36696,5,10993,3,24226,0,1477,0,6502,8,15805,0,22307,California
Lake,2021-04-19,295,36991,39,11032,256,24482,0,1477,245,6697,50,15855,245,22552,California
Lake,2021-04-20,691,37682,277,11309,414,24896,0,1477,112,6232,578,16433,113,22665,California
Lake,2021-04-21,533,38215,63,11372,470,25366,0,1477,204,6108,328,16761,204,22869,California
Lake,2021-04-22,457,38672,47,11419,410,25776,0,1477,312,6276,144,16905,312,23181,California
Lake,2021-04-23,113,38785,57,11476,56,25832,0,1477,67,6297,46,16951,67,23248,California
Lake,2021-04-24,53,38838,9,11485,44,25876,0,1477,39,6322,14,16965,39,23287,California
Lake,2021-04-25,36,38874,19,11504,17,25893,0,1477,23,6332,13,16978,23,23310,California
Lake,2021-04-26,260,39134,73,11577,186,26079,1,1478,73,6219,187,17165,74,23384,California
Lake,2021-04-27,228,39362,21,11598,189,26268,18,1496,75,6159,153,17318,93,23477,California
Lake,2021-04-28,443,39805,44,11642,388,26656,11,1507,103,5935,337,17655,113,23590,California
Lake,2021-04-29,162,39967,66,11708,82,26738,14,1521,83,5954,78,17733,97,23687,California
Lake,2021-04-30,198,40165,28,11736,159,26897,11,1532,99,5965,99,17832,110,23797,California
Lassen,2020-12-16,8,8,8,8,0,0,0,0,8,8,0,0,8,8,California
Lassen,2020-12-17,6,14,6,14,0,0,0,0,6,14,0,0,6,14,California
Lassen,2020-12-18,1,15,1,15,0,0,0,0,1,15,0,0,1,15,California
Lassen,2020-12-19,5,20,5,20,0,0,0,0,5,20,0,0,5,20,California
Lassen,2020-12-20,2,22,2,22,0,0,0,0,2,22,0,0,2,22,California
Lassen,2020-12-21,11,33,11,33,0,0,0,0,11,33,0,0,11,33,California
Lassen,2020-12-22,23,56,23,56,0,0,0,0,23,56,0,0,23,56,California
Lassen,2020-12-23,6,62,6,62,0,0,0,0,6,62,0,0,6,62,California
Lassen,2020-12-24,11,73,11,73,0,0,0,0,11,73,0,0,11,73,California
Lassen,2020-12-28,3,76,2,75,1,1,0,0,3,76,0,0,3,76,California
Lassen,2020-12-29,35,111,35,110,0,1,0,0,35,111,0,0,35,111,California
Lassen,2020-12-30,37,148,36,146,1,2,0,0,37,148,0,0,37,148,California
Lassen,2020-12-31,49,197,42,188,7,9,0,0,49,197,0,0,49,197,California
Lassen,2021-01-02,1,198,0,188,1,10,0,0,1,198,0,0,1,198,California
Lassen,2021-01-04,15,213,1,189,14,24,0,0,15,213,0,0,15,213,California
Lassen,2021-01-05,194,407,53,242,141,165,0,0,194,407,0,0,194,407,California
Lassen,2021-01-06,93,500,42,284,51,216,0,0,85,485,8,8,86,493,California
Lassen,2021-01-07,43,543,7,291,36,252,0,0,37,516,6,14,37,530,California
Lassen,2021-01-08,50,593,2,293,48,300,0,0,50,566,0,14,50,580,California
Lassen,2021-01-09,12,605,6,299,6,306,0,0,12,578,0,14,12,592,California
Lassen,2021-01-11,27,632,5,304,22,328,0,0,27,605,0,14,27,619,California
Lassen,2021-01-12,49,681,29,333,20,348,0,0,30,616,19,33,30,649,California
Lassen,2021-01-13,161,842,18,351,143,491,0,0,146,747,15,48,146,795,California
Lassen,2021-01-14,163,1005,18,369,145,636,0,0,151,886,12,60,151,946,California
Lassen,2021-01-15,33,1038,6,375,27,663,0,0,33,919,0,60,33,979,California
Lassen,2021-01-16,34,1072,33,408,1,664,0,0,34,953,0,60,34,1013,California
Lassen,2021-01-17,1,1073,0,408,1,665,0,0,1,954,0,60,1,1014,California
Lassen,2021-01-18,5,1078,2,410,3,668,0,0,4,957,1,61,4,1018,California
Lassen,2021-01-19,185,1263,36,446,149,817,0,0,157,1086,28,89,157,1175,California
Lassen,2021-01-20,189,1452,101,547,88,905,0,0,105,1122,69,158,105,1280,California
Lassen,2021-01-21,145,1597,93,640,52,957,0,0,121,1225,18,176,121,1401,California
Lassen,2021-01-22,31,1628,18,658,13,970,0,0,21,1236,10,186,21,1422,California
Lassen,2021-01-23,2,1630,0,658,2,972,0,0,2,1238,0,186,2,1424,California
Lassen,2021-01-24,1,1631,0,658,1,973,0,0,1,1239,0,186,1,1425,California
Lassen,2021-01-25,11,1642,0,658,11,984,0,0,11,1250,0,186,11,1436,California
Lassen,2021-01-26,126,1768,12,670,114,1098,0,0,122,1368,4,190,122,1558,California
Lassen,2021-01-27,85,1853,33,703,52,1150,0,0,69,1421,16,206,69,1627,California
Lassen,2021-01-28,85,1938,14,717,71,1221,0,0,84,1504,1,207,84,1711,California
Lassen,2021-01-29,23,1961,7,724,16,1237,0,0,22,1525,1,208,22,1733,California
Lassen,2021-02-01,62,2023,4,728,58,1295,0,0,36,1535,26,234,36,1769,California
Lassen,2021-02-02,177,2200,12,740,165,1460,0,0,44,1446,133,367,44,1813,California
Lassen,2021-02-03,96,2296,21,761,75,1535,0,0,51,1452,45,412,51,1864,California
Lassen,2021-02-04,112,2408,15,776,97,1632,0,0,63,1466,49,461,63,1927,California
Lassen,2021-02-05,65,2473,12,788,53,1685,0,0,23,1447,42,503,23,1950,California
Lassen,2021-02-06,69,2542,34,822,35,1720,0,0,36,1451,32,535,36,1986,California
Lassen,2021-02-07,2,2544,2,824,0,1720,0,0,2,1453,0,535,2,1988,California
Lassen,2021-02-08,43,2587,4,828,39,1759,0,0,18,1446,25,560,18,2006,California
Lassen,2021-02-09,129,2716,8,836,121,1880,0,0,50,1417,79,639,50,2056,California
Lassen,2021-02-10,183,2899,21,857,162,2042,0,0,75,1384,108,747,75,2131,California
Lassen,2021-02-11,184,3083,16,873,168,2210,0,0,80,1361,103,850,80,2211,California
Lassen,2021-02-12,42,3125,11,884,31,2241,0,0,14,1347,28,878,14,2225,California
Lassen,2021-02-13,12,3137,3,887,9,2250,0,0,10,1355,2,880,10,2235,California
Lassen,2021-02-14,13,3150,0,887,13,2263,0,0,12,1366,1,881,12,2247,California
Lassen,2021-02-15,21,3171,2,889,19,2282,0,0,17,1379,4,885,17,2264,California
Lassen,2021-02-16,192,3363,4,893,188,2470,0,0,31,1251,159,1044,31,2295,California
Lassen,2021-02-17,184,3547,94,987,90,2560,0,0,11,1089,173,1217,11,2306,California
Lassen,2021-02-18,80,3627,22,1009,58,2618,0,0,20,1049,60,1277,20,2326,California
Lassen,2021-02-19,82,3709,62,1071,20,2638,0,0,18,1003,64,1341,18,2344,California
Lassen,2021-02-20,8,3717,0,1071,8,2646,0,0,6,1007,2,1343,6,2350,California
Lassen,2021-02-21,22,3739,2,1073,20,2666,0,0,18,1021,4,1347,18,2368,California
Lassen,2021-02-22,23,3762,8,1081,15,2681,0,0,5,1008,18,1365,5,2373,California
Lassen,2021-02-23,153,3915,10,1091,143,2824,0,0,41,937,112,1477,41,2414,California
Lassen,2021-02-24,166,4081,17,1108,149,2973,0,0,108,988,57,1534,108,2522,California
Lassen,2021-02-25,156,4237,19,1127,137,3110,0,0,99,1030,57,1591,99,2621,California
Lassen,2021-02-26,73,4310,16,1143,57,3167,0,0,36,1029,37,1628,36,2657,California
Lassen,2021-02-27,8,4318,7,1150,1,3168,0,0,3,1027,5,1633,3,2660,California
Lassen,2021-02-28,6,4324,1,1151,5,3173,0,0,3,1027,3,1636,3,2663,California
Lassen,2021-03-01,41,4365,4,1155,37,3210,0,0,8,1002,33,1669,8,2671,California
Lassen,2021-03-02,106,4471,8,1163,98,3308,0,0,80,1056,26,1695,80,2751,California
Lassen,2021-03-03,170,4641,12,1175,158,3466,0,0,113,1112,57,1752,113,2864,California
Lassen,2021-03-04,148,4789,15,1190,133,3599,0,0,98,1161,49,1801,98,2962,California
Lassen,2021-03-05,47,4836,7,1197,17,3616,23,23,11,1159,36,1837,34,2996,California
Lassen,2021-03-06,56,4892,5,1202,29,3645,22,45,6,1137,50,1887,28,3024,California
Lassen,2021-03-07,56,4948,1,1203,0,3645,55,100,1,1138,55,1942,56,3080,California
Lassen,2021-03-08,90,5038,2,1205,8,3653,80,180,3,1135,86,2028,83,3163,California
Lassen,2021-03-09,137,5175,11,1216,109,3762,17,197,88,1192,49,2077,106,3269,California
Lassen,2021-03-10,173,5348,10,1226,162,3924,1,198,79,1179,93,2170,80,3349,California
Lassen,2021-03-11,185,5533,16,1242,162,4086,7,205,113,1230,69,2239,120,3469,California
Lassen,2021-03-12,35,5568,18,1260,13,4099,4,209,12,1223,23,2262,16,3485,California
Lassen,2021-03-13,49,5617,0,1260,3,4102,46,255,1,1221,48,2310,46,3531,California
Lassen,2021-03-14,14,5631,2,1262,11,4113,1,256,2,1212,12,2322,3,3534,California
Lassen,2021-03-15,32,5663,1,1263,31,4144,0,256,16,1212,16,2338,16,3550,California
Lassen,2021-03-16,93,5756,2,1265,85,4229,6,262,74,1273,19,2357,80,3630,California
Lassen,2021-03-17,1084,6840,9,1274,1070,5299,5,267,1064,2322,20,2377,1069,4699,California
Lassen,2021-03-18,95,6935,9,1283,85,5384,1,268,81,2390,14,2391,82,4781,California
Lassen,2021-03-19,17,6952,11,1294,2,5386,4,272,7,2391,10,2401,11,4792,California
Lassen,2021-03-20,29,6981,3,1297,23,5409,3,275,22,2409,7,2408,25,4817,California
Lassen,2021-03-21,34,7015,0,1297,34,5443,0,275,14,2404,19,2427,14,4831,California
Lassen,2021-03-22,57,7072,1,1298,56,5499,0,275,54,2455,3,2430,54,4885,California
Lassen,2021-03-23,117,7189,9,1307,107,5606,1,276,66,2471,51,2481,67,4952,California
Lassen,2021-03-24,212,7401,13,1320,199,5805,0,276,107,2474,104,2585,107,5059,California
Lassen,2021-03-25,151,7552,20,1340,131,5936,0,276,69,2461,82,2667,69,5128,California
Lassen,2021-03-26,78,7630,13,1353,26,5962,39,315,19,2460,59,2726,58,5186,California
Lassen,2021-03-27,20,7650,4,1357,1,5963,15,330,3,2461,17,2743,18,5204,California
Lassen,2021-03-28,18,7668,3,1360,5,5968,10,340,4,2461,14,2757,14,5218,California
Lassen,2021-03-29,52,7720,0,1360,27,5995,25,365,20,2475,31,2788,45,5263,California
Lassen,2021-03-30,198,7918,10,1370,163,6158,25,390,51,2404,147,2935,76,5339,California
Lassen,2021-03-31,146,8064,12,1382,112,6270,22,412,62,2404,84,3019,84,5423,California
Lassen,2021-04-01,166,8230,16,1398,131,6401,19,431,49,2356,116,3135,68,5491,California
Lassen,2021-04-02,29,8259,4,1402,3,6404,22,453,2,2353,27,3162,24,5515,California
Lassen,2021-04-03,12,8271,0,1402,2,6406,10,463,0,2351,12,3174,10,5525,California
Lassen,2021-04-04,7,8278,2,1404,0,6406,5,468,1,2351,6,3180,6,5531,California
Lassen,2021-04-05,23,8301,4,1408,12,6418,7,475,11,2358,11,3191,18,5549,California
Lassen,2021-04-06,183,8484,8,1416,145,6563,30,505,52,2309,131,3322,82,5631,California
Lassen,2021-04-07,136,8620,7,1423,92,6655,37,542,33,2278,103,3425,72,5703,California
Lassen,2021-04-08,169,8789,8,1431,105,6760,56,598,33,2235,132,3557,89,5792,California
Lassen,2021-04-09,52,8841,6,1437,11,6771,35,633,9,2236,42,3599,43,5835,California
Lassen,2021-04-10,9,8850,0,1437,2,6773,7,640,0,2235,8,3607,7,5842,California
Lassen,2021-04-11,5,8855,2,1439,0,6773,3,643,2,2237,3,3610,5,5847,California
Lassen,2021-04-12,25,8880,2,1441,10,6783,13,656,1,2227,24,3634,14,5861,California
Lassen,2021-04-13,129,9009,6,1447,123,6906,0,656,40,2179,88,3722,40,5901,California
Lassen,2021-04-14,987,9996,16,1463,971,7877,0,656,51,1295,935,4657,51,5952,California
Lassen,2021-04-15,147,10143,14,1477,133,8010,0,656,19,1186,128,4785,19,5971,California
Lassen,2021-04-16,11,10154,4,1481,7,8017,0,656,5,1185,6,4791,5,5976,California
Lassen,2021-04-17,24,10178,3,1484,21,8038,0,656,4,1169,20,4811,4,5980,California
Lassen,2021-04-18,5,10183,2,1486,3,8041,0,656,2,1168,3,4814,2,5982,California
Lassen,2021-04-19,33,10216,0,1486,33,8074,0,656,17,1169,16,4830,17,5999,California
Lassen,2021-04-20,138,10354,7,1493,131,8205,0,656,52,1135,86,4916,52,6051,California
Lassen,2021-04-21,163,10517,10,1503,153,8358,0,656,32,1038,129,5045,32,6083,California
Lassen,2021-04-22,102,10619,16,1519,86,8444,0,656,33,1002,69,5114,33,6116,California
Lassen,2021-04-23,28,10647,3,1522,25,8469,0,656,22,1018,6,5120,22,6138,California
Lassen,2021-04-24,10,10657,6,1528,4,8473,0,656,4,1016,6,5126,4,6142,California
Lassen,2021-04-25,5,10662,0,1528,4,8477,1,657,3,1018,2,5128,4,6146,California
Lassen,2021-04-26,40,10702,1,1529,35,8512,4,661,7,996,33,5161,11,6157,California
Lassen,2021-04-27,120,10822,10,1539,107,8619,3,664,68,1015,52,5213,71,6228,California
Lassen,2021-04-28,82,10904,8,1547,72,8691,2,666,29,993,53,5266,31,6259,California
Lassen,2021-04-29,48,10952,4,1551,41,8732,3,669,9,966,39,5305,12,6271,California
Lassen,2021-04-30,9,10961,5,1556,0,8732,4,673,2,965,7,5312,6,6277,California
Los Angeles,2020-12-15,391,391,391,391,0,0,0,0,391,391,0,0,391,391,California
Los Angeles,2020-12-16,3364,3755,3364,3755,0,0,0,0,3364,3755,0,0,3364,3755,California
Los Angeles,2020-12-17,10233,13988,10233,13988,0,0,0,0,10234,13989,0,0,10234,13989,California
Los Angeles,2020-12-18,14514,28502,14490,28478,24,24,0,0,14514,28503,0,0,14514,28503,California
Los Angeles,2020-12-19,7225,35727,7217,35695,8,32,0,0,7226,35729,0,0,7226,35729,California
Los Angeles,2020-12-20,4588,40315,4581,40276,7,39,0,0,4590,40319,0,0,4590,40319,California
Los Angeles,2020-12-21,13682,53997,13668,53944,14,53,0,0,13683,54001,1,1,13683,54002,California
Los Angeles,2020-12-22,11521,65518,11140,65084,381,434,0,0,11522,65522,1,2,11522,65524,California
Los Angeles,2020-12-23,11883,77401,10129,75213,1754,2188,0,0,11884,77406,0,2,11884,77408,California
Los Angeles,2020-12-24,7015,84416,4248,79461,2767,4955,0,0,7018,84424,0,2,7018,84426,California
Los Angeles,2020-12-25,524,84940,419,79880,105,5060,0,0,524,84948,0,2,524,84950,California
Los Angeles,2020-12-26,2524,87464,2179,82059,345,5405,0,0,2524,87471,1,3,2524,87474,California
Los Angeles,2020-12-27,1756,89220,1027,83086,729,6134,0,0,1756,89227,0,3,1756,89230,California
Los Angeles,2020-12-28,10278,99498,6377,89463,3901,10035,0,0,10276,99502,1,4,10276,99506,California
Los Angeles,2020-12-29,11592,111090,6071,95534,5521,15556,0,0,11594,111096,0,4,11594,111100,California
Los Angeles,2020-12-30,14855,125945,8082,103616,6773,22329,0,0,14854,125950,0,4,14854,125954,California
Los Angeles,2020-12-31,7920,133865,2751,106367,5169,27498,0,0,7917,133865,2,6,7917,133871,California
Los Angeles,2021-01-01,988,134853,268,106635,720,28218,0,0,988,134853,0,6,988,134859,California
Los Angeles,2021-01-02,4450,139303,1652,108287,2798,31016,0,0,4450,139303,0,6,4450,139309,California
Los Angeles,2021-01-03,934,140237,211,108498,723,31739,0,0,933,140235,1,7,933,140242,California
Los Angeles,2021-01-04,12692,152929,4876,113374,7816,39555,0,0,12678,152910,3,10,12678,152920,California
Los Angeles,2021-01-05,15998,168927,7075,120449,8923,48478,0,0,14098,165138,1873,1883,14101,167021,California
Los Angeles,2021-01-06,22546,191473,12081,132530,10465,58943,0,0,16954,176575,5524,7407,16961,183982,California
Los Angeles,2021-01-07,29361,220834,15808,148338,13553,72496,0,0,18856,184985,10459,17866,18869,202851,California
Los Angeles,2021-01-08,33068,253902,17893,166231,15175,87671,0,0,20852,193656,12189,30055,20860,223711,California
Los Angeles,2021-01-09,12357,266259,7071,173302,5286,92957,0,0,7493,196293,4862,34917,7499,231210,California
Los Angeles,2021-01-10,4651,270910,3628,176930,1023,93980,0,0,1922,195487,2729,37646,1923,233133,California
Los Angeles,2021-01-11,25786,296696,16243,193173,9543,103523,0,0,14860,199440,10915,48561,14868,248001,California
Los Angeles,2021-01-12,29206,325902,16074,209247,13132,116655,0,0,19076,208413,10112,58673,19085,267086,California
Los Angeles,2021-01-13,29261,355163,15629,224876,13632,130287,0,0,20314,219801,8930,67603,20318,287404,California
Los Angeles,2021-01-14,29223,384386,12707,237583,16516,146803,0,0,23722,238050,5482,73085,23731,311135,California
Los Angeles,2021-01-15,33784,418170,12357,249940,21427,168230,0,0,30214,264726,3545,76630,30221,341356,California
Los Angeles,2021-01-16,17553,435723,4962,254902,12591,180821,0,0,15777,278739,1768,78398,15781,357137,California
Los Angeles,2021-01-17,5185,440908,2306,257208,2879,183700,0,0,4940,283437,244,78642,4942,362079,California
Los Angeles,2021-01-18,15570,456478,10052,267260,5518,189218,0,0,10865,289611,4693,83335,10867,372946,California
Los Angeles,2021-01-19,38433,494911,20553,287813,17880,207098,0,0,30646,312521,7746,91081,30656,403602,California
Los Angeles,2021-01-20,45640,540551,23806,311619,21834,228932,0,0,38156,343233,7454,98535,38166,441768,California
Los Angeles,2021-01-21,48619,589170,22419,334038,26200,255132,0,0,44359,383408,4198,102733,44373,486141,California
Los Angeles,2021-01-22,47844,637014,22213,356251,25631,280763,0,0,44436,424489,3364,106097,44445,530586,California
Los Angeles,2021-01-23,33943,670957,15701,371952,18242,299005,0,0,31896,454381,2015,108112,31907,562493,California
Los Angeles,2021-01-24,15731,686688,12210,384162,3521,302526,0,0,15183,469024,541,108653,15184,577677,California
Los Angeles,2021-01-25,38675,725363,16429,400591,22246,324772,0,0,30199,490792,8447,117100,30215,607892,California
Los Angeles,2021-01-26,49226,774589,24445,425036,24781,349553,0,0,41044,523708,8147,125247,41063,648955,California
Los Angeles,2021-01-27,48477,823066,25814,450850,22663,372216,0,0,39262,553908,9080,134327,39280,688235,California
Los Angeles,2021-01-28,48577,871643,23102,473952,25475,397691,0,0,40180,585826,8276,142603,40194,728429,California
Los Angeles,2021-01-29,49241,920884,25402,499354,23839,421530,0,0,39187,615329,9700,152303,39203,767632,California
Los Angeles,2021-01-30,29999,950883,15414,514768,14585,436115,0,0,25856,637123,4066,156369,25860,793492,California
Los Angeles,2021-01-31,13005,963888,10371,525139,2634,438749,0,0,12083,648301,909,157278,12087,805579,California
Los Angeles,2021-02-01,37997,1001885,16180,541319,21817,460566,0,0,27731,665808,10233,167511,27740,833319,California
Los Angeles,2021-02-02,44196,1046081,17882,559201,26314,486880,0,0,32028,685708,12131,179642,32031,865350,California
Los Angeles,2021-02-03,52021,1098102,19478,578679,32543,519423,0,0,37348,708623,14439,194081,37354,902704,California
Los Angeles,2021-02-04,57135,1155237,20687,599366,36448,555871,0,0,39094,729997,17734,211815,39108,941812,California
Los Angeles,2021-02-05,61113,1216350,21028,620394,40085,595956,0,0,39255,747818,21440,233255,39261,981073,California
Los Angeles,2021-02-06,35469,1251819,13286,633680,22183,618139,0,0,27051,766546,8345,241600,27073,1008146,California
Los Angeles,2021-02-07,10801,1262620,8385,642065,2416,620555,0,0,8415,772597,2370,243970,8421,1016567,California
Los Angeles,2021-02-08,46693,1309313,21478,663543,25215,645770,0,0,30550,787141,16008,259978,30552,1047119,California
Los Angeles,2021-02-09,55698,1365011,24575,688118,31123,676893,0,0,28371,788264,27255,287233,28378,1075497,California
Los Angeles,2021-02-10,66841,1431852,29377,717495,37464,714357,0,0,30893,783592,35574,322807,30902,1106399,California
Los Angeles,2021-02-11,57931,1489783,30839,748334,27092,741449,0,0,28003,782110,29488,352295,28006,1134405,California
Los Angeles,2021-02-12,59482,1549265,29777,778111,29705,771154,0,0,25960,774900,33186,385481,25976,1160381,California
Los Angeles,2021-02-13,33770,1583035,19604,797715,14166,785320,0,0,15453,772157,18233,403714,15490,1175871,California
Los Angeles,2021-02-14,21870,1604905,14960,812675,6910,792230,0,0,8775,767900,13035,416749,8778,1184649,California
Los Angeles,2021-02-15,32411,1637316,15846,828521,16565,808795,0,0,17784,771124,14566,431315,17790,1202439,California
Los Angeles,2021-02-16,63943,1701259,32488,861009,31455,840250,0,0,29840,766958,34018,465333,29852,1232291,California
Los Angeles,2021-02-17,63980,1765239,34252,895261,29728,869978,0,0,26352,755856,37460,502793,26358,1258649,California
Los Angeles,2021-02-18,68016,1833255,34679,929940,33337,903315,0,0,28587,745196,39256,542049,28596,1287245,California
Los Angeles,2021-02-19,58037,1891292,35875,965815,22162,925477,0,0,28480,744229,29461,571510,28494,1315739,California
Los Angeles,2021-02-20,32738,1924030,23842,989657,8896,934373,0,0,15748,743037,16949,588459,15757,1331496,California
Los Angeles,2021-02-21,16662,1940692,15014,1004671,1648,936021,0,0,8489,743389,8140,596599,8492,1339988,California
Los Angeles,2021-02-22,34256,1974948,24944,1029615,9312,945333,0,0,17714,744644,16470,613069,17725,1357713,California
Los Angeles,2021-02-23,53567,2028515,22733,1052348,30834,976167,0,0,21101,733392,32364,645433,21112,1378825,California
Los Angeles,2021-02-24,63936,2092451,28115,1080463,35821,1011988,0,0,28069,725772,35706,681139,28086,1406911,California
Los Angeles,2021-02-25,73431,2165882,33701,1114164,39730,1051718,0,0,38560,729627,34717,715856,38572,1445483,California
Los Angeles,2021-02-26,82671,2248553,38538,1152702,44133,1095851,0,0,47322,741854,35122,750978,47349,1492832,California
Los Angeles,2021-02-27,58570,2307123,24925,1177627,33641,1129492,4,4,29937,743326,28492,779470,29964,1522796,California
Los Angeles,2021-02-28,26779,2333902,18479,1196106,8299,1137791,1,5,18842,754335,7841,787311,18850,1541646,California
Los Angeles,2021-03-01,55456,2389358,31075,1227181,24365,1162156,16,21,33623,766309,21680,808991,33654,1575300,California
Los Angeles,2021-03-02,70879,2460237,31418,1258599,39459,1201615,2,23,43329,782217,27433,836424,43341,1618641,California
Los Angeles,2021-03-03,82611,2542848,41536,1300135,41068,1242683,7,30,51947,803684,30509,866933,51976,1670617,California
Los Angeles,2021-03-04,89517,2632365,45691,1345826,43816,1286499,10,40,56514,827396,32830,899763,56542,1727159,California
Los Angeles,2021-03-05,87534,2719899,42611,1388437,44898,1331397,25,65,58358,856807,29005,928768,58416,1785575,California
Los Angeles,2021-03-06,66107,2786006,33244,1421681,31053,1362450,1810,1875,42580,877812,23391,952159,44396,1829971,California
Los Angeles,2021-03-07,25651,2811657,19288,1440969,5567,1368017,796,2671,19773,892526,5853,958012,20567,1850538,California
Los Angeles,2021-03-08,51306,2862963,26639,1467608,22725,1390742,1942,4613,38574,920403,12637,970649,40514,1891052,California
Los Angeles,2021-03-09,68821,2931784,26363,1493971,39188,1429930,3270,7883,41114,937218,27563,998212,44378,1935430,California
Los Angeles,2021-03-10,78781,3010565,37218,1531189,36917,1466847,4646,12529,49479,962157,29153,1027365,54092,1989522,California
Los Angeles,2021-03-11,91711,3102276,44708,1575897,40578,1507425,6425,18954,53808,984626,37731,1065096,60200,2049722,California
Los Angeles,2021-03-12,96592,3198868,42799,1618696,40050,1547475,13743,32697,56116,1014142,40299,1105395,69815,2119537,California
Los Angeles,2021-03-13,73902,3272770,34358,1653054,27649,1575124,11895,44592,43956,1040108,29845,1135240,55811,2175348,California
Los Angeles,2021-03-14,38019,3310789,25402,1678456,10203,1585327,2414,47006,25499,1055542,12461,1147701,27895,2203243,California
Los Angeles,2021-03-15,73399,3384188,35492,1713948,32580,1617907,5327,52333,44792,1077216,28428,1176129,50102,2253345,California
Los Angeles,2021-03-16,98190,3482378,42417,1756365,50016,1667923,5757,58090,64143,1113215,33873,1210002,69872,2323217,California
Los Angeles,2021-03-17,95106,3577484,42743,1799108,44174,1712097,8189,66279,63901,1154178,31023,1241025,71986,2395203,California
Los Angeles,2021-03-18,99774,3677258,47186,1846294,47406,1759503,5182,71461,63727,1187291,35786,1276811,68899,2464102,California
Los Angeles,2021-03-19,106295,3783553,55042,1901336,46585,1806088,4668,76129,66179,1218225,39868,1316679,70802,2534904,California
Los Angeles,2021-03-20,74934,3858487,36547,1937883,33881,1839969,4506,80635,51995,1251933,22780,1339459,56488,2591392,California
Los Angeles,2021-03-21,33536,3892023,24752,1962635,7941,1847910,843,81478,21790,1262918,11647,1351106,22632,2614024,California
Los Angeles,2021-03-22,67855,3959878,40173,2002808,25686,1873596,1996,83474,48342,1293951,19301,1370407,50334,2664358,California
Los Angeles,2021-03-23,93500,4053378,50518,2053326,40067,1913663,2915,86389,62040,1327657,31239,1401646,64945,2729303,California
Los Angeles,2021-03-24,102033,4155411,54200,2107526,44968,1958631,2865,89254,60536,1349831,41217,1442863,63391,2792694,California
Los Angeles,2021-03-25,107308,4262719,57415,2164941,46235,2004866,3658,92912,61629,1369678,45424,1488287,65271,2857965,California
Los Angeles,2021-03-26,111594,4374313,60862,2225803,46643,2051509,4089,97001,63602,1389598,47750,1536037,67670,2925635,California
Los Angeles,2021-03-27,81226,4455539,42777,2268580,36334,2087843,2115,99116,42216,1395142,38788,1574825,44332,2969967,California
Los Angeles,2021-03-28,40808,4496347,27289,2295869,12936,2100779,583,99699,20755,1396516,19964,1594789,21338,2991305,California
Los Angeles,2021-03-29,81166,4577513,45843,2341712,33729,2134508,1594,101293,46560,1410235,34430,1629219,48149,3039454,California
Los Angeles,2021-03-30,106387,4683900,49967,2391679,50709,2185217,5711,107004,65448,1440631,40741,1669960,71137,3110591,California
Los Angeles,2021-03-31,119440,4803340,59933,2451612,51011,2236228,8496,115500,69915,1469711,49293,1719253,78373,3188964,California
Los Angeles,2021-04-01,129844,4933184,60645,2512257,54436,2290664,14763,130263,70760,1496339,58843,1778096,85471,3274435,California
Los Angeles,2021-04-02,127806,5060990,56471,2568728,56512,2347176,14823,145086,68849,1521330,58668,1836764,83659,3358094,California
Los Angeles,2021-04-03,95909,5156899,43765,2612493,39137,2386313,13007,158093,47668,1533881,48085,1884849,60636,3418730,California
Los Angeles,2021-04-04,38865,5195764,20310,2632803,11985,2398298,6570,164663,16672,1534975,22129,1906978,23223,3441953,California
Los Angeles,2021-04-05,92741,5288505,43917,2676720,38834,2437132,9990,174653,44715,1541770,47866,1954844,54661,3496614,California
Los Angeles,2021-04-06,119674,5408179,56359,2733079,43253,2480385,20062,194715,55556,1553403,63907,2018751,75540,3572154,California
Los Angeles,2021-04-07,118314,5526493,53874,2786953,43598,2523983,20842,215557,54114,1564305,63980,2082731,74882,3647036,California
Los Angeles,2021-04-08,130966,5657459,57754,2844707,49401,2573384,23811,239368,59742,1576784,70976,2153707,83455,3730491,California
Los Angeles,2021-04-09,129020,5786479,55988,2900695,49539,2622923,23493,262861,56044,1583496,72725,2226432,79437,3809928,California
Los Angeles,2021-04-10,99786,5886265,42607,2943302,33437,2656360,23742,286603,36699,1580976,62888,2289320,60368,3870296,California
Los Angeles,2021-04-11,41444,5927709,22418,2965720,9577,2665937,9449,296052,14430,1577872,26949,2316269,23845,3894141,California
Los Angeles,2021-04-12,77859,6005568,38262,3003982,33393,2699330,6204,302256,32443,1571244,45241,2361510,38613,3932754,California
Los Angeles,2021-04-13,116563,6122131,58742,3062724,57402,2756732,419,302675,61818,1578942,54542,2416052,62240,3994994,California
Los Angeles,2021-04-14,116211,6238342,58693,3121417,57393,2814125,125,302800,63265,1589608,52717,2468769,63383,4058377,California
Los Angeles,2021-04-15,125861,6364203,67941,3189358,57754,2871879,166,302966,71600,1607339,54034,2522803,71765,4130142,California
Los Angeles,2021-04-16,127409,6491612,67911,3257269,59356,2931235,142,303108,67382,1615070,59797,2582600,67528,4197670,California
Los Angeles,2021-04-17,95450,6587062,50511,3307780,44914,2976149,25,303133,54227,1628277,41051,2623651,54258,4251928,California
Los Angeles,2021-04-18,33727,6620789,22365,3330145,11361,2987510,1,303134,18662,1631939,15007,2638658,18669,4270597,California
Los Angeles,2021-04-19,73778,6694567,39357,3369502,34398,3021908,23,303157,33124,1624588,40505,2679163,33154,4303751,California
Los Angeles,2021-04-20,100518,6795085,49263,3418765,51242,3073150,13,303170,50152,1624591,50163,2729326,50166,4353917,California
Los Angeles,2021-04-21,107639,6902724,51889,3470654,55561,3128711,189,303359,48120,1613636,59266,2788592,48311,4402228,California
Los Angeles,2021-04-22,110686,7013410,58111,3528765,52541,3181252,34,303393,49362,1601965,61072,2849664,49401,4451629,California
Los Angeles,2021-04-23,111613,7125023,61181,3589946,50416,3231668,16,303409,53093,1596808,58268,2907932,53111,4504740,California
Los Angeles,2021-04-24,86864,7211887,55804,3645750,31034,3262702,26,303435,48875,1607915,37798,2945730,48905,4553645,California
Los Angeles,2021-04-25,37673,7249560,25021,3670771,12647,3275349,5,303440,20384,1611098,17206,2962936,20389,4574034,California
Los Angeles,2021-04-26,65862,7315422,35356,3706127,30064,3305413,442,303882,32944,1611723,32754,2995690,33379,4607413,California
Los Angeles,2021-04-27,83162,7398584,40020,3746147,41479,3346892,1663,305545,31709,1593864,51224,3046914,33365,4640778,California
Los Angeles,2021-04-28,78740,7477324,37732,3783879,39071,3385963,1937,307482,30453,1578189,48064,3094978,32389,4673167,California
Los Angeles,2021-04-29,70757,7548081,33842,3817721,35341,3421304,1574,309056,25026,1559305,45486,3140464,26602,4699769,California
Los Angeles,2021-04-30,60292,7608373,30601,3848322,28384,3449688,1307,310363,20193,1540903,39895,3180359,21493,4721262,California
Madera,2020-12-16,22,22,22,22,0,0,0,0,22,22,0,0,22,22,California
Madera,2020-12-17,13,35,13,35,0,0,0,0,13,35,0,0,13,35,California
Madera,2020-12-18,61,96,61,96,0,0,0,0,61,96,0,0,61,96,California
Madera,2020-12-19,5,101,5,101,0,0,0,0,5,101,0,0,5,101,California
Madera,2020-12-20,14,115,14,115,0,0,0,0,14,115,0,0,14,115,California
Madera,2020-12-21,60,175,60,175,0,0,0,0,60,175,0,0,60,175,California
Madera,2020-12-22,97,272,95,270,2,2,0,0,97,272,0,0,97,272,California
Madera,2020-12-23,68,340,68,338,0,2,0,0,68,340,0,0,68,340,California
Madera,2020-12-24,45,385,40,378,5,7,0,0,45,385,0,0,45,385,California
Madera,2020-12-26,28,413,26,404,2,9,0,0,28,413,0,0,28,413,California
Madera,2020-12-27,30,443,12,416,18,27,0,0,30,443,0,0,30,443,California
Madera,2020-12-28,107,550,37,453,70,97,0,0,107,550,0,0,107,550,California
Madera,2020-12-29,175,725,40,493,135,232,0,0,175,725,0,0,175,725,California
Madera,2020-12-30,218,943,86,579,132,364,0,0,218,943,0,0,218,943,California
Madera,2020-12-31,201,1144,80,659,121,485,0,0,201,1144,0,0,201,1144,California
Madera,2021-01-01,1,1145,1,660,0,485,0,0,1,1145,0,0,1,1145,California
Madera,2021-01-02,89,1234,34,694,55,540,0,0,89,1234,0,0,89,1234,California
Madera,2021-01-03,5,1239,5,699,0,540,0,0,5,1239,0,0,5,1239,California
Madera,2021-01-04,129,1368,65,764,64,604,0,0,129,1368,0,0,129,1368,California
Madera,2021-01-05,279,1647,143,907,136,740,0,0,275,1639,4,4,275,1643,California
Madera,2021-01-06,184,1831,27,934,157,897,0,0,164,1783,20,24,164,1807,California
Madera,2021-01-07,396,2227,113,1047,283,1180,0,0,374,2135,22,46,374,2181,California
Madera,2021-01-08,419,2646,72,1119,347,1527,0,0,364,2446,54,100,365,2546,California
Madera,2021-01-09,37,2683,14,1133,23,1550,0,0,28,2465,9,109,28,2574,California
Madera,2021-01-10,17,2700,14,1147,3,1553,0,0,5,2458,12,121,5,2579,California
Madera,2021-01-11,238,2938,190,1337,48,1601,0,0,195,2610,43,164,195,2774,California
Madera,2021-01-12,390,3328,157,1494,233,1834,0,0,284,2788,106,270,284,3058,California
Madera,2021-01-13,185,3513,91,1585,94,1928,0,0,129,2862,56,326,130,3188,California
Madera,2021-01-14,554,4067,82,1667,472,2400,0,0,520,3348,34,360,520,3708,California
Madera,2021-01-15,600,4667,160,1827,440,2840,0,0,579,3906,21,381,579,4287,California
Madera,2021-01-16,382,5049,47,1874,335,3175,0,0,353,4230,29,410,353,4640,California
Madera,2021-01-17,335,5384,15,1889,320,3495,0,0,331,4557,4,414,331,4971,California
Madera,2021-01-18,77,5461,61,1950,16,3511,0,0,58,4597,18,432,58,5029,California
Madera,2021-01-19,571,6032,135,2085,436,3947,0,0,544,5115,27,459,545,5574,California
Madera,2021-01-20,235,6267,80,2165,155,4102,0,0,207,5295,27,486,207,5781,California
Madera,2021-01-21,237,6504,130,2295,107,4209,0,0,204,5468,31,517,204,5985,California
Madera,2021-01-22,257,6761,83,2378,174,4383,0,0,243,5697,14,531,243,6228,California
Madera,2021-01-23,100,6861,52,2430,48,4431,0,0,76,5749,24,555,76,6304,California
Madera,2021-01-24,101,6962,82,2512,19,4450,0,0,78,5804,23,578,78,6382,California
Madera,2021-01-25,255,7217,124,2636,131,4581,0,0,141,5831,114,692,141,6523,California
Madera,2021-01-26,483,7700,189,2825,294,4875,0,0,293,5937,189,881,295,6818,California
Madera,2021-01-27,736,8436,63,2888,673,5548,0,0,600,6402,136,1017,601,7419,California
Madera,2021-01-28,541,8977,106,2994,435,5983,0,0,438,6737,103,1120,438,7857,California
Madera,2021-01-29,468,9445,95,3089,373,6356,0,0,412,7093,56,1176,412,8269,California
Madera,2021-01-30,505,9950,16,3105,489,6845,0,0,451,7490,54,1230,451,8720,California
Madera,2021-01-31,10,9960,7,3112,3,6848,0,0,9,7498,1,1231,9,8729,California
Madera,2021-02-01,256,10216,72,3184,184,7032,0,0,197,7636,59,1290,197,8926,California
Madera,2021-02-02,252,10468,87,3271,165,7197,0,0,161,7708,90,1380,162,9088,California
Madera,2021-02-03,593,11061,459,3730,134,7331,0,0,474,8066,117,1497,475,9563,California
Madera,2021-02-04,388,11449,121,3851,267,7598,0,0,111,7902,276,1773,112,9675,California
Madera,2021-02-05,975,12424,297,4148,678,8276,0,0,369,7671,601,2374,370,10045,California
Madera,2021-02-06,360,12784,325,4473,35,8311,0,0,321,7954,38,2412,321,10366,California
Madera,2021-02-07,35,12819,7,4480,28,8339,0,0,30,7979,5,2417,30,10396,California
Madera,2021-02-08,384,13203,308,4788,76,8415,0,0,270,8136,113,2530,270,10666,California
Madera,2021-02-09,479,13682,119,4907,360,8775,0,0,197,8055,279,2809,198,10864,California
Madera,2021-02-10,428,14110,148,5055,280,9055,0,0,322,8271,106,2915,322,11186,California
Madera,2021-02-11,935,15045,306,5361,629,9684,0,0,406,8150,528,3443,407,11593,California
Madera,2021-02-12,843,15888,119,5480,724,10408,0,0,310,7936,527,3970,313,11906,California
Madera,2021-02-13,485,16373,44,5524,441,10849,0,0,139,7732,345,4315,141,12047,California
Madera,2021-02-14,399,16772,75,5599,324,11173,0,0,137,7608,262,4577,138,12185,California
Madera,2021-02-15,244,17016,98,5697,146,11319,0,0,175,7715,68,4645,175,12360,California
Madera,2021-02-16,775,17791,183,5880,592,11911,0,0,230,7404,542,5187,231,12591,California
Madera,2021-02-17,607,18398,273,6153,334,12245,0,0,338,7480,264,5451,340,12931,California
Madera,2021-02-18,1299,19697,540,6693,759,13004,0,0,1121,8425,178,5629,1123,14054,California
Madera,2021-02-19,861,20558,545,7238,316,13320,0,0,719,9004,142,5771,721,14775,California
Madera,2021-02-20,1069,21627,978,8216,91,13411,0,0,998,9933,70,5841,999,15774,California
Madera,2021-02-21,964,22591,821,9037,143,13554,0,0,958,10885,6,5847,958,16732,California
Madera,2021-02-22,908,23499,832,9869,76,13630,0,0,854,11685,54,5901,854,17586,California
Madera,2021-02-23,769,24268,496,10365,273,13903,0,0,549,12015,219,6120,549,18135,California
Madera,2021-02-24,906,25174,300,10665,606,14509,0,0,378,11865,528,6648,378,18513,California
Madera,2021-02-25,1016,26190,306,10971,710,15219,0,0,586,12023,428,7076,586,19099,California
Madera,2021-02-26,1071,27261,185,11156,886,16105,0,0,696,12346,373,7449,696,19795,California
Madera,2021-02-27,872,28133,245,11401,627,16732,0,0,449,12378,420,7869,452,20247,California
Madera,2021-02-28,188,28321,29,11430,159,16891,0,0,182,12554,6,7875,182,20429,California
Madera,2021-03-01,372,28693,118,11548,254,17145,0,0,192,12568,178,8053,192,20621,California
Madera,2021-03-02,650,29343,268,11816,382,17527,0,0,538,12995,112,8165,539,21160,California
Madera,2021-03-03,1318,30661,705,12521,613,18140,0,0,918,13540,397,8562,942,22102,California
Madera,2021-03-04,1172,31833,505,13026,667,18807,0,0,927,14224,246,8808,930,23032,California
Madera,2021-03-05,1326,33159,406,13432,908,19715,12,12,1063,15049,261,9069,1086,24118,California
Madera,2021-03-06,803,33962,622,14054,149,19864,32,44,484,15247,319,9388,517,24635,California
Madera,2021-03-07,153,34115,27,14081,104,19968,22,66,103,15322,50,9438,125,24760,California
Madera,2021-03-08,596,34711,335,14416,202,20170,59,125,303,15393,293,9731,364,25124,California
Madera,2021-03-09,450,35161,159,14575,257,20427,34,159,276,15539,172,9903,318,25442,California
Madera,2021-03-10,1131,36292,508,15083,546,20973,77,236,705,15900,422,10325,783,26225,California
Madera,2021-03-11,1658,37950,844,15927,482,21455,332,568,749,16085,907,11232,1092,27317,California
Madera,2021-03-12,1528,39478,777,16704,596,22051,155,723,750,16239,776,12008,930,28247,California
Madera,2021-03-13,1812,41290,1269,17973,345,22396,198,921,746,16135,1064,13072,960,29207,California
Madera,2021-03-14,581,41871,448,18421,101,22497,32,953,293,16174,286,13358,325,29532,California
Madera,2021-03-15,729,42600,213,18634,469,22966,47,1000,506,16532,220,13578,578,30110,California
Madera,2021-03-16,819,43419,420,19054,352,23318,47,1047,637,17054,179,13757,701,30811,California
Madera,2021-03-17,1414,44833,933,19987,419,23737,62,1109,861,17522,545,14302,1013,31824,California
Madera,2021-03-18,1871,46704,647,20634,1164,24901,60,1169,909,17620,955,15257,1053,32877,California
Madera,2021-03-19,1494,48198,587,21221,823,25724,84,1253,960,18200,528,15785,1108,33985,California
Madera,2021-03-20,1129,49327,772,21993,306,26030,51,1304,579,18327,549,16334,676,34661,California
Madera,2021-03-21,1073,50400,872,22865,156,26186,45,1349,357,18017,713,17047,403,35064,California
Madera,2021-03-22,1358,51758,852,23717,438,26624,68,1417,686,18144,669,17716,796,35860,California
Madera,2021-03-23,1396,53154,840,24557,465,27089,91,1508,738,18399,656,18372,911,36771,California
Madera,2021-03-24,904,54058,469,25026,404,27493,31,1539,599,18730,303,18675,634,37405,California
Madera,2021-03-25,1122,55180,488,25514,610,28103,24,1563,644,18944,467,19142,681,38086,California
Madera,2021-03-26,1438,56618,509,26023,797,28900,132,1695,674,18995,758,19900,809,38895,California
Madera,2021-03-27,829,57447,529,26552,279,29179,21,1716,373,18939,450,20350,394,39289,California
Madera,2021-03-28,419,57866,136,26688,222,29401,61,1777,229,19092,189,20539,342,39631,California
Madera,2021-03-29,678,58544,178,26866,473,29874,27,1804,488,19424,187,20726,519,40150,California
Madera,2021-03-30,1014,59558,561,27427,421,30295,32,1836,556,19558,455,21181,589,40739,California
Madera,2021-03-31,1319,60877,487,27914,697,30992,135,1971,447,19275,866,22047,583,41322,California
Madera,2021-04-01,1225,62102,537,28451,639,31631,49,2020,437,18977,783,22830,485,41807,California
Madera,2021-04-02,1526,63628,408,28859,1059,32690,59,2079,472,18466,1044,23874,533,42340,California
Madera,2021-04-03,874,64502,683,29542,171,32861,20,2099,381,18385,491,24365,410,42750,California
Madera,2021-04-04,184,64686,65,29607,117,32978,2,2101,85,18373,99,24464,87,42837,California
Madera,2021-04-05,734,65420,255,29862,421,33399,58,2159,340,18392,393,24857,412,43249,California
Madera,2021-04-06,1688,67108,878,30740,462,33861,348,2507,635,18322,1052,25909,982,44231,California
Madera,2021-04-07,1197,68305,372,31112,676,34537,149,2656,454,18190,740,26649,608,44839,California
Madera,2021-04-08,1694,69999,657,31769,784,35321,253,2909,571,17902,1119,27768,831,45670,California
Madera,2021-04-09,1608,71607,670,32439,790,36111,148,3057,939,18328,664,28432,1090,46760,California
Madera,2021-04-10,952,72559,677,33116,208,36319,67,3124,706,18857,245,28677,774,47534,California
Madera,2021-04-11,775,73334,628,33744,69,36388,78,3202,285,18731,488,29165,362,47896,California
Madera,2021-04-12,779,74113,266,34010,435,36823,78,3280,302,18635,477,29642,381,48277,California
Madera,2021-04-13,1234,75347,609,34619,584,37407,41,3321,732,18918,500,30142,783,49060,California
Madera,2021-04-14,1361,76708,837,35456,524,37931,0,3321,575,18715,784,30926,581,49641,California
Madera,2021-04-15,1083,77791,455,35911,627,38558,1,3322,431,18507,641,31567,433,50074,California
Madera,2021-04-16,1279,79070,518,36429,761,39319,0,3322,443,18125,826,32393,444,50518,California
Madera,2021-04-17,1265,80335,1065,37494,200,39519,0,3322,827,18515,437,32830,827,51345,California
Madera,2021-04-18,244,80579,207,37701,37,39556,0,3322,99,18470,144,32974,99,51444,California
Madera,2021-04-19,796,81375,232,37933,563,40119,1,3323,269,18219,521,33495,270,51714,California
Madera,2021-04-20,865,82240,424,38357,441,40560,0,3323,237,17833,625,34120,239,51953,California
Madera,2021-04-21,853,83093,448,38805,405,40965,0,3323,299,17583,551,34671,301,52254,California
Madera,2021-04-22,1053,84146,510,39315,543,41508,0,3323,392,17319,657,35328,393,52647,California
Madera,2021-04-23,916,85062,294,39609,621,42129,1,3324,314,17036,598,35926,315,52962,California
Madera,2021-04-24,703,85765,464,40073,239,42368,0,3324,284,16906,415,36341,285,53247,California
Madera,2021-04-25,264,86029,160,40233,101,42469,3,3327,118,16885,143,36484,122,53369,California
Madera,2021-04-26,500,86529,89,40322,406,42875,5,3332,102,16595,397,36881,107,53476,California
Madera,2021-04-27,554,87083,258,40580,275,43150,21,3353,295,16654,258,37139,317,53793,California
Madera,2021-04-28,433,87516,189,40769,228,43378,16,3369,217,16672,215,37354,233,54026,California
Madera,2021-04-29,389,87905,173,40942,191,43569,25,3394,191,16697,191,37545,216,54242,California
Madera,2021-04-30,662,88567,431,41373,223,43792,8,3402,132,16310,527,38072,140,54382,California
Marin,2020-12-15,2,2,2,2,0,0,0,0,2,2,0,0,2,2,California
Marin,2020-12-16,107,109,107,109,0,0,0,0,107,109,0,0,107,109,California
Marin,2020-12-17,260,369,260,369,0,0,0,0,260,369,0,0,260,369,California
Marin,2020-12-18,373,742,373,742,0,0,0,0,373,742,0,0,373,742,California
Marin,2020-12-19,349,1091,348,1090,1,1,0,0,349,1091,0,0,349,1091,California
Marin,2020-12-20,167,1258,166,1256,1,2,0,0,167,1258,0,0,167,1258,California
Marin,2020-12-21,238,1496,235,1491,3,5,0,0,238,1496,0,0,238,1496,California
Marin,2020-12-22,522,2018,318,1809,204,209,0,0,522,2018,0,0,522,2018,California
Marin,2020-12-23,730,2748,321,2130,409,618,0,0,730,2748,0,0,730,2748,California
Marin,2020-12-24,357,3105,159,2289,198,816,0,0,357,3105,0,0,357,3105,California
Marin,2020-12-25,27,3132,0,2289,27,843,0,0,27,3132,0,0,27,3132,California
Marin,2020-12-26,142,3274,93,2382,49,892,0,0,142,3274,0,0,142,3274,California
Marin,2020-12-27,92,3366,55,2437,37,929,0,0,92,3366,0,0,92,3366,California
Marin,2020-12-28,408,3774,99,2536,309,1238,0,0,408,3774,0,0,408,3774,California
Marin,2020-12-29,402,4176,88,2624,314,1552,0,0,402,4176,0,0,402,4176,California
Marin,2020-12-30,626,4802,388,3012,238,1790,0,0,626,4802,0,0,626,4802,California
Marin,2020-12-31,196,4998,33,3045,163,1953,0,0,196,4998,0,0,196,4998,California
Marin,2021-01-01,15,5013,6,3051,9,1962,0,0,15,5013,0,0,15,5013,California
Marin,2021-01-02,105,5118,99,3150,6,1968,0,0,105,5118,0,0,105,5118,California
Marin,2021-01-03,54,5172,36,3186,18,1986,0,0,51,5169,0,0,51,5169,California
Marin,2021-01-04,293,5465,189,3375,104,2090,0,0,292,5460,1,1,292,5461,California
Marin,2021-01-05,365,5830,222,3597,143,2233,0,0,322,5739,43,44,322,5783,California
Marin,2021-01-06,819,6649,318,3915,501,2734,0,0,641,6202,178,222,641,6424,California
Marin,2021-01-07,889,7538,501,4416,388,3122,0,0,543,6399,346,568,543,6967,California
Marin,2021-01-08,971,8509,515,4931,456,3578,0,0,594,6617,376,944,594,7561,California
Marin,2021-01-09,618,9127,223,5154,395,3973,0,0,486,6971,132,1076,486,8047,California
Marin,2021-01-10,128,9255,99,5253,29,4002,0,0,54,6951,74,1150,54,8101,California
Marin,2021-01-11,467,9722,326,5579,141,4143,0,0,247,6980,220,1370,249,8350,California
Marin,2021-01-12,936,10658,539,6118,397,4540,0,0,568,7183,365,1735,568,8918,California
Marin,2021-01-13,1175,11833,498,6616,677,5217,0,0,937,7882,238,1973,937,9855,California
Marin,2021-01-14,1067,12900,318,6934,749,5966,0,0,917,8651,148,2121,917,10772,California
Marin,2021-01-15,1153,14053,354,7288,799,6765,0,0,1023,9546,129,2250,1024,11796,California
Marin,2021-01-16,1119,15172,914,8202,205,6970,0,0,1045,10517,74,2324,1045,12841,California
Marin,2021-01-17,1232,16404,1113,9315,119,7089,0,0,1204,11697,27,2351,1207,14048,California
Marin,2021-01-18,360,16764,159,9474,201,7290,0,0,309,11955,51,2402,309,14357,California
Marin,2021-01-19,1154,17918,912,10386,242,7532,0,0,982,12766,171,2573,982,15339,California
Marin,2021-01-20,1786,19704,1204,11590,582,8114,0,0,1056,13103,719,3292,1056,16395,California
Marin,2021-01-21,1683,21387,1061,12651,622,8736,0,0,1331,14087,349,3641,1333,17728,California
Marin,2021-01-22,1698,23085,1087,13738,611,9347,0,0,1530,15449,168,3809,1530,19258,California
Marin,2021-01-23,1843,24928,1342,15080,501,9848,0,0,1756,17119,86,3895,1756,21014,California
Marin,2021-01-24,613,25541,166,15246,447,10295,0,0,581,17668,32,3927,581,21595,California
Marin,2021-01-25,1123,26664,227,15473,896,11191,0,0,691,17928,432,4359,692,22287,California
Marin,2021-01-26,1502,28166,780,16253,722,11913,0,0,1124,18675,377,4736,1124,23411,California
Marin,2021-01-27,1704,29870,876,17129,828,12741,0,0,1352,19678,350,5086,1353,24764,California
Marin,2021-01-28,2077,31947,1068,18197,1009,13750,0,0,1813,21229,263,5349,1814,26578,California
Marin,2021-01-29,2195,34142,1446,19643,749,14499,0,0,1992,23031,191,5540,1993,28571,California
Marin,2021-01-30,1720,35862,905,20548,815,15314,0,0,1642,24596,78,5618,1643,30214,California
Marin,2021-01-31,454,36316,317,20865,137,15451,0,0,429,25000,25,5643,429,30643,California
Marin,2021-02-01,1088,37404,416,21281,672,16123,0,0,889,25691,199,5842,890,31533,California
Marin,2021-02-02,1350,38754,462,21743,888,17011,0,0,723,25797,617,6459,723,32256,California
Marin,2021-02-03,1781,40535,429,22172,1352,18363,0,0,1256,26529,524,6983,1256,33512,California
Marin,2021-02-04,1539,42074,513,22685,1026,19389,0,0,936,26865,600,7583,936,34448,California
Marin,2021-02-05,2176,44250,682,23367,1494,20883,0,0,1338,27369,834,8417,1338,35786,California
Marin,2021-02-06,1425,45675,850,24217,575,21458,0,0,603,27151,821,9238,603,36389,California
Marin,2021-02-07,1287,46962,1005,25222,282,21740,0,0,489,26843,797,10035,489,36878,California
Marin,2021-02-08,1517,48479,753,25975,764,22504,0,0,725,26778,790,10825,725,37603,California
Marin,2021-02-09,1781,50260,1121,27096,660,23164,0,0,836,26669,945,11770,836,38439,California
Marin,2021-02-10,2336,52596,1490,28586,846,24010,0,0,1218,26772,1116,12886,1219,39658,California
Marin,2021-02-11,2866,55462,1644,30230,1222,25232,0,0,1453,26820,1408,14294,1456,41114,California
Marin,2021-02-12,3064,58526,1540,31770,1524,26756,0,0,1568,26895,1493,15787,1568,42682,California
Marin,2021-02-13,2334,60860,1243,33013,1091,27847,0,0,1127,26817,1205,16992,1127,43809,California
Marin,2021-02-14,811,61671,302,33315,509,28356,0,0,718,27443,93,17085,719,44528,California
Marin,2021-02-15,1216,62887,355,33670,861,29217,0,0,836,27901,379,17464,837,45365,California
Marin,2021-02-16,2461,65348,1055,34725,1406,30623,0,0,1502,28445,958,18422,1502,46867,California
Marin,2021-02-17,2098,67446,942,35667,1156,31779,0,0,1085,28520,1011,19433,1086,47953,California
Marin,2021-02-18,2417,69863,1582,37249,835,32614,0,0,1062,28228,1354,20787,1062,49015,California
Marin,2021-02-19,2758,72621,2155,39404,603,33217,0,0,1221,27925,1525,22312,1222,50237,California
Marin,2021-02-20,2564,75185,2111,41515,453,33670,0,0,1215,27798,1343,23655,1216,51453,California
Marin,2021-02-21,1281,76466,1089,42604,192,33862,0,0,907,28335,370,24025,907,52360,California
Marin,2021-02-22,1824,78290,1406,44010,418,34280,0,0,1214,28941,608,24633,1214,53574,California
Marin,2021-02-23,2834,81124,1616,45626,1218,35498,0,0,1908,29933,917,25550,1909,55483,California
Marin,2021-02-24,3511,84635,1608,47234,1903,37401,0,0,2257,30944,1247,26797,2258,57741,California
Marin,2021-02-25,3927,88562,1808,49042,2119,39520,0,0,2770,32565,1150,27947,2771,60512,California
Marin,2021-02-26,3485,92047,1883,50925,1602,41122,0,0,2529,34150,945,28892,2530,63042,California
Marin,2021-02-27,2608,94655,1495,52420,1113,42235,0,0,1776,35099,829,29721,1778,64820,California
Marin,2021-02-28,1378,96033,917,53337,461,42696,0,0,1042,35808,333,30054,1042,65862,California
Marin,2021-03-01,2478,98511,1537,54874,941,43637,0,0,1666,36667,807,30861,1666,67528,California
Marin,2021-03-02,2437,100948,1601,56475,835,44472,1,1,1688,37610,746,31607,1689,69217,California
Marin,2021-03-03,4302,105250,2387,58862,1913,46385,2,3,2790,38895,1507,33114,2792,72009,California
Marin,2021-03-04,3343,108593,1646,60508,1696,48081,1,4,2332,40227,1004,34118,2336,74345,California
Marin,2021-03-05,3032,111625,1138,61646,1882,49963,12,16,1779,40768,1250,35368,1791,76136,California
Marin,2021-03-06,3226,114851,2314,63960,834,50797,78,94,2653,42930,568,35936,2730,78866,California
Marin,2021-03-07,1371,116222,1153,65113,194,50991,24,118,981,43549,386,36322,1005,79871,California
Marin,2021-03-08,1873,118095,1368,66481,388,51379,117,235,1408,44612,462,36784,1525,81396,California
Marin,2021-03-09,2100,120195,1217,67698,776,52155,107,342,1426,45473,672,37456,1533,82929,California
Marin,2021-03-10,4394,124589,2457,70155,1657,53812,280,622,3170,47703,1221,38677,3451,86380,California
Marin,2021-03-11,4556,129145,1875,72030,2546,56358,135,757,3268,49825,1281,39958,3403,89783,California
Marin,2021-03-12,3972,133117,1535,73565,2081,58439,356,1113,1562,49344,2399,42357,1918,91701,California
Marin,2021-03-13,4091,137208,2856,76421,1163,59602,72,1185,2419,50160,1670,44027,2486,94187,California
Marin,2021-03-14,2273,139481,1096,77517,1060,60662,117,1302,726,49458,1545,45572,843,95030,California
Marin,2021-03-15,3228,142709,1761,79278,1420,62082,47,1349,1218,48722,2000,47572,1264,96294,California
Marin,2021-03-16,4293,147002,2309,81587,1620,63702,364,1713,1519,47832,2771,50343,1881,98175,California
Marin,2021-03-17,4174,151176,2265,83852,1865,65567,44,1757,2054,47820,2109,52452,2097,100272,California
Marin,2021-03-18,4474,155650,2249,86101,2150,67717,75,1832,2243,47919,2217,54669,2316,102588,California
Marin,2021-03-19,4462,160112,2279,88380,1965,69682,218,2050,2429,48540,2025,56694,2646,105234,California
Marin,2021-03-20,3577,163689,1982,90362,1481,71163,114,2164,2035,49155,1535,58229,2150,107384,California
Marin,2021-03-21,1528,165217,1125,91487,378,71541,25,2189,796,49246,730,58959,821,108205,California
Marin,2021-03-22,2464,167681,2131,93618,168,71709,165,2354,989,48929,1471,60430,1154,109359,California
Marin,2021-03-23,4235,171916,2189,95807,1916,73625,130,2484,1936,48702,2293,62723,2066,111425,California
Marin,2021-03-24,4415,176331,2895,98702,1416,75041,104,2588,1795,47990,2609,65332,1897,113322,California
Marin,2021-03-25,4636,180967,2832,101534,1736,76777,68,2656,2265,47962,2359,67691,2331,115653,California
Marin,2021-03-26,4283,185250,2324,103858,1745,78522,214,2870,2419,48748,1847,69538,2633,118286,California
Marin,2021-03-27,3690,188940,2649,106507,1022,79544,19,2889,1146,47378,2534,72072,1164,119450,California
Marin,2021-03-28,2379,191319,1718,108225,655,80199,6,2895,1104,47219,1269,73341,1110,120560,California
Marin,2021-03-29,2687,194006,2095,110320,567,80766,25,2920,1191,46941,1494,74835,1216,121776,California
Marin,2021-03-30,4651,198657,3644,113964,974,81740,33,2953,3060,48446,1588,76423,3093,124869,California
Marin,2021-03-31,5793,204450,4108,118072,1636,83376,49,3002,2582,47877,3200,79623,2631,127500,California
Marin,2021-04-01,4390,208840,2268,120340,1871,85247,251,3253,2110,47965,2273,81896,2361,129861,California
Marin,2021-04-02,3689,212529,1833,122173,1493,86740,363,3616,1971,48584,1711,83607,2330,132191,California
Marin,2021-04-03,3830,216359,2519,124692,943,87683,368,3984,1461,48054,2359,85966,1829,134020,California
Marin,2021-04-04,1636,217995,1228,125920,204,87887,204,4188,1194,49012,440,86406,1398,135418,California
Marin,2021-04-05,2187,220182,1520,127440,297,88184,370,4558,1261,49720,921,87327,1629,137047,California
Marin,2021-04-06,3940,224122,2110,129550,1282,89466,548,5106,2191,50712,1744,89071,2736,139783,California
Marin,2021-04-07,3913,228035,1981,131531,1293,90759,639,5745,1427,50299,2479,91550,2066,141849,California
Marin,2021-04-08,4994,233029,1953,133484,2434,93193,607,6352,2283,50478,2704,94254,2883,144732,California
Marin,2021-04-09,3941,236970,1530,135014,1685,94878,726,7078,1293,49851,2643,96897,2016,146748,California
Marin,2021-04-10,3184,240154,1461,136475,1290,96168,433,7511,1434,49975,1740,98637,1864,148612,California
Marin,2021-04-11,1056,241210,801,137276,93,96261,162,7673,474,50029,581,99218,635,149247,California
Marin,2021-04-12,1729,242939,1228,138504,341,96602,160,7833,919,50302,807,100025,1080,150327,California
Marin,2021-04-13,3704,246643,2268,140772,1429,98031,7,7840,1348,49311,2346,102371,1355,151682,California
Marin,2021-04-14,4143,250786,2473,143245,1668,99699,2,7842,1701,48578,2435,104806,1702,153384,California
Marin,2021-04-15,5545,256331,3925,147170,1620,101319,0,7842,3179,49405,2353,107159,3180,156564,California
Marin,2021-04-16,4236,260567,2230,149400,2003,103322,3,7845,2064,49312,2160,109319,2067,158631,California
Marin,2021-04-17,3519,264086,2151,151551,1368,104690,0,7845,1758,49314,1756,111075,1758,160389,California
Marin,2021-04-18,3198,267284,3096,154647,102,104792,0,7845,2562,51243,633,111708,2562,162951,California
Marin,2021-04-19,2010,269294,1842,156489,168,104960,0,7845,1162,51562,845,112553,1164,164115,California
Marin,2021-04-20,3690,272984,2552,159041,1138,106098,0,7845,1478,50833,2207,114760,1478,165593,California
Marin,2021-04-21,3997,276981,2939,161980,1055,107153,3,7848,1377,49605,2606,117366,1378,166971,California
Marin,2021-04-22,4200,281181,3203,165183,997,108150,0,7848,1480,48374,2714,120080,1483,168454,California
Marin,2021-04-23,3216,284397,1819,167002,1397,109547,0,7848,1230,47624,1981,122061,1231,169685,California
Marin,2021-04-24,2511,286908,1692,168694,818,110365,1,7849,924,46971,1578,123639,925,170610,California
Marin,2021-04-25,1387,288295,1270,169964,117,110482,0,7849,314,46217,1068,124707,314,170924,California
Marin,2021-04-26,1521,289816,1321,171285,198,110680,2,7851,341,45382,1179,125886,344,171268,California
Marin,2021-04-27,2906,292722,2134,173419,734,111414,38,7889,940,44400,1956,127842,974,172242,California
Marin,2021-04-28,2190,294912,1499,174918,648,112062,43,7932,669,43593,1518,129360,711,172953,California
Marin,2021-04-29,2176,297088,1538,176456,581,112643,57,7989,568,42616,1602,130962,625,173578,California
Marin,2021-04-30,1117,298205,757,177213,344,112987,16,8005,540,42596,576,131538,556,174134,California
Mariposa,2020-12-17,37,37,37,37,0,0,0,0,39,39,0,0,39,39,California
Mariposa,2020-12-18,56,93,56,93,0,0,0,0,57,96,0,0,57,96,California
Mariposa,2020-12-20,2,95,2,95,0,0,0,0,2,98,0,0,2,98,California
Mariposa,2020-12-21,47,142,47,142,0,0,0,0,52,150,0,0,52,150,California
Mariposa,2020-12-22,5,147,5,147,0,0,0,0,5,155,0,0,5,155,California
Mariposa,2020-12-23,17,164,17,164,0,0,0,0,17,172,0,0,17,172,California
Mariposa,2020-12-24,1,165,0,164,1,1,0,0,0,172,0,0,0,172,California
Mariposa,2020-12-26,1,166,1,165,0,1,0,0,1,173,0,0,1,173,California
Mariposa,2020-12-27,1,167,0,165,1,2,0,0,1,174,0,0,1,174,California
Mariposa,2020-12-28,6,173,3,168,3,5,0,0,6,180,0,0,6,180,California
Mariposa,2020-12-29,33,206,3,171,30,35,0,0,33,213,0,0,33,213,California
Mariposa,2020-12-30,25,231,4,175,21,56,0,0,25,238,0,0,25,238,California
Mariposa,2020-12-31,16,247,0,175,16,72,0,0,16,254,0,0,16,254,California
Mariposa,2021-01-02,1,248,1,176,0,72,0,0,1,255,0,0,1,255,California
Mariposa,2021-01-04,8,256,1,177,7,79,0,0,8,263,0,0,8,263,California
Mariposa,2021-01-05,24,280,14,191,10,89,0,0,14,267,10,10,14,277,California
Mariposa,2021-01-06,6,286,3,194,3,92,0,0,3,267,3,13,3,280,California
Mariposa,2021-01-07,52,338,47,241,5,97,0,0,5,225,47,60,5,285,California
Mariposa,2021-01-08,108,446,79,320,29,126,0,0,33,183,75,135,33,318,California
Mariposa,2021-01-09,1,447,0,320,1,127,0,0,1,184,0,135,1,319,California
Mariposa,2021-01-11,31,478,10,330,21,148,0,0,23,199,8,143,23,342,California
Mariposa,2021-01-12,19,497,4,334,15,163,0,0,15,210,4,147,15,357,California
Mariposa,2021-01-13,21,518,4,338,17,180,0,0,18,225,3,150,18,375,California
Mariposa,2021-01-14,73,591,7,345,66,246,0,0,67,286,6,156,67,442,California
Mariposa,2021-01-15,66,657,26,371,40,286,0,0,56,332,10,166,56,498,California
Mariposa,2021-01-16,14,671,2,373,12,298,0,0,13,344,1,167,13,511,California
Mariposa,2021-01-17,2,673,0,373,2,300,0,0,2,346,0,167,2,513,California
Mariposa,2021-01-18,3,676,3,376,0,300,0,0,1,345,2,169,1,514,California
Mariposa,2021-01-19,8,684,4,380,4,304,0,0,5,348,2,171,5,519,California
Mariposa,2021-01-20,23,707,1,381,22,326,0,0,22,369,1,172,22,541,California
Mariposa,2021-01-21,64,771,7,388,57,383,0,0,60,425,4,176,60,601,California
Mariposa,2021-01-22,55,826,2,390,53,436,0,0,55,480,0,176,55,656,California
Mariposa,2021-01-23,116,942,2,392,114,550,0,0,115,594,1,177,115,771,California
Mariposa,2021-01-24,2,944,2,394,0,550,0,0,2,596,0,177,2,773,California
Mariposa,2021-01-25,4,948,1,395,3,553,0,0,0,592,4,181,0,773,California
Mariposa,2021-01-26,36,984,4,399,32,585,0,0,4,568,32,213,8,781,California
Mariposa,2021-01-27,22,1006,1,400,21,606,0,0,13,572,9,222,13,794,California
Mariposa,2021-01-28,126,1132,3,403,123,729,0,0,113,673,12,234,113,907,California
Mariposa,2021-01-29,84,1216,22,425,62,791,0,0,83,755,1,235,83,990,California
Mariposa,2021-01-30,9,1225,1,426,8,799,0,0,8,762,1,236,8,998,California
Mariposa,2021-01-31,1,1226,0,426,1,800,0,0,1,763,0,236,1,999,California
Mariposa,2021-02-01,87,1313,30,456,57,857,0,0,66,808,21,257,66,1065,California
Mariposa,2021-02-02,15,1328,3,459,12,869,0,0,9,811,6,263,9,1074,California
Mariposa,2021-02-03,20,1348,1,460,19,888,0,0,14,819,6,269,14,1088,California
Mariposa,2021-02-04,93,1441,8,468,85,973,0,0,88,904,4,273,89,1177,California
Mariposa,2021-02-05,188,1629,5,473,183,1156,0,0,162,1040,26,299,162,1339,California
Mariposa,2021-02-06,11,1640,4,477,7,1163,0,0,10,1049,1,300,10,1349,California
Mariposa,2021-02-08,40,1680,2,479,38,1201,0,0,21,1051,19,319,21,1370,California
Mariposa,2021-02-09,43,1723,25,504,18,1219,0,0,37,1082,6,325,37,1407,California
Mariposa,2021-02-10,28,1751,5,509,23,1242,0,0,17,1095,10,335,23,1430,California
Mariposa,2021-02-11,374,2125,5,514,369,1611,0,0,361,1445,13,348,363,1793,California
Mariposa,2021-02-12,183,2308,7,521,176,1787,0,0,140,1542,43,391,140,1933,California
Mariposa,2021-02-13,11,2319,3,524,8,1795,0,0,9,1549,2,393,9,1942,California
Mariposa,2021-02-14,8,2327,4,528,4,1799,0,0,5,1551,3,396,5,1947,California
Mariposa,2021-02-15,9,2336,3,531,6,1805,0,0,7,1556,2,398,7,1954,California
Mariposa,2021-02-16,57,2393,34,565,23,1828,0,0,34,1567,23,421,34,1988,California
Mariposa,2021-02-17,36,2429,8,573,28,1856,0,0,27,1587,8,429,28,2016,California
Mariposa,2021-02-18,56,2485,7,580,49,1905,0,0,20,1571,36,465,20,2036,California
Mariposa,2021-02-19,82,2567,3,583,79,1984,0,0,77,1643,5,470,77,2113,California
Mariposa,2021-02-20,251,2818,4,587,247,2231,0,0,222,1837,28,498,222,2335,California
Mariposa,2021-02-21,236,3054,2,589,234,2465,0,0,235,2071,1,499,235,2570,California
Mariposa,2021-02-22,24,3078,7,596,17,2482,0,0,21,2089,3,502,21,2591,California
Mariposa,2021-02-23,42,3120,36,632,6,2488,0,0,25,2097,17,519,25,2616,California
Mariposa,2021-02-24,19,3139,3,635,16,2504,0,0,7,2093,11,530,7,2623,California
Mariposa,2021-02-25,17,3156,8,643,9,2513,0,0,11,2098,6,536,11,2634,California
Mariposa,2021-02-26,420,3576,6,649,414,2927,0,0,359,2397,61,597,360,2994,California
Mariposa,2021-02-27,171,3747,5,654,166,3093,0,0,160,2546,11,608,160,3154,California
Mariposa,2021-02-28,2,3749,1,655,1,3094,0,0,0,2544,2,610,0,3154,California
Mariposa,2021-03-01,82,3831,26,681,56,3150,0,0,17,2497,64,674,17,3171,California
Mariposa,2021-03-02,21,3852,14,695,7,3157,0,0,11,2499,9,683,11,3182,California
Mariposa,2021-03-03,70,3922,5,700,65,3222,0,0,66,2562,4,687,67,3249,California
Mariposa,2021-03-04,34,3956,8,708,26,3248,0,0,20,2568,14,701,20,3269,California
Mariposa,2021-03-05,51,4007,8,716,43,3291,0,0,37,2596,14,715,42,3311,California
Mariposa,2021-03-06,15,4022,6,722,9,3300,0,0,7,2595,8,723,7,3318,California
Mariposa,2021-03-07,1,4023,1,723,0,3300,0,0,0,2594,1,724,0,3318,California
Mariposa,2021-03-08,38,4061,4,727,23,3323,11,11,9,2585,29,753,20,3338,California
Mariposa,2021-03-09,45,4106,18,745,17,3340,10,21,14,2578,31,784,24,3362,California
Mariposa,2021-03-10,29,4135,9,754,10,3350,10,31,9,2577,20,804,19,3381,California
Mariposa,2021-03-11,464,4599,6,760,440,3790,18,49,224,2583,239,1043,245,3626,California
Mariposa,2021-03-12,252,4851,6,766,219,4009,27,76,113,2583,139,1182,139,3765,California
Mariposa,2021-03-13,32,4883,6,772,11,4020,15,91,11,2587,21,1203,25,3790,California
Mariposa,2021-03-14,17,4900,2,774,4,4024,11,102,3,2587,14,1217,14,3804,California
Mariposa,2021-03-15,76,4976,7,781,31,4055,38,140,31,2611,45,1262,69,3873,California
Mariposa,2021-03-16,82,5058,32,813,15,4070,35,175,24,2612,58,1320,59,3932,California
Mariposa,2021-03-17,71,5129,10,823,53,4123,8,183,51,2652,19,1339,59,3991,California
Mariposa,2021-03-18,66,5195,15,838,41,4164,10,193,41,2678,25,1364,51,4042,California
Mariposa,2021-03-19,336,5531,8,846,323,4487,5,198,302,2951,34,1398,307,4349,California
Mariposa,2021-03-20,426,5957,4,850,420,4907,2,200,47,2622,379,1777,50,4399,California
Mariposa,2021-03-21,14,5971,8,858,5,4912,1,201,9,2628,4,1781,10,4409,California
Mariposa,2021-03-22,36,6007,7,865,21,4933,8,209,25,2651,11,1792,34,4443,California
Mariposa,2021-03-23,52,6059,32,897,10,4943,10,219,31,2671,21,1813,41,4484,California
Mariposa,2021-03-24,55,6114,5,902,48,4991,2,221,50,2718,5,1818,52,4536,California
Mariposa,2021-03-25,73,6187,15,917,50,5041,8,229,53,2759,20,1838,61,4597,California
Mariposa,2021-03-26,485,6672,8,925,476,5517,1,230,250,2775,235,2073,251,4848,California
Mariposa,2021-03-27,225,6897,8,933,217,5734,0,230,90,2732,135,2208,92,4940,California
Mariposa,2021-03-28,5,6902,0,933,2,5736,3,233,1,2732,4,2212,4,4944,California
Mariposa,2021-03-29,18,6920,5,938,13,5749,0,233,11,2736,7,2219,11,4955,California
Mariposa,2021-03-30,36,6956,13,951,7,5756,16,249,13,2742,23,2242,29,4984,California
Mariposa,2021-03-31,91,7047,16,967,68,5824,7,256,71,2800,20,2262,78,5062,California
Mariposa,2021-04-01,51,7098,9,976,34,5858,8,264,31,2819,20,2282,39,5101,California
Mariposa,2021-04-02,348,7446,10,986,336,6194,2,266,310,3094,37,2319,312,5413,California
Mariposa,2021-04-03,10,7456,7,993,3,6197,0,266,5,3094,5,2324,5,5418,California
Mariposa,2021-04-04,2,7458,1,994,0,6197,1,267,0,3093,2,2326,1,5419,California
Mariposa,2021-04-05,31,7489,23,1017,5,6202,3,270,15,3095,16,2342,18,5437,California
Mariposa,2021-04-06,42,7531,19,1036,7,6209,16,286,12,3094,29,2371,28,5465,California
Mariposa,2021-04-07,97,7628,6,1042,72,6281,19,305,28,3072,69,2440,47,5512,California
Mariposa,2021-04-08,274,7902,13,1055,242,6523,19,324,140,3100,132,2572,160,5672,California
Mariposa,2021-04-09,34,7936,9,1064,13,6536,12,336,10,3098,24,2596,22,5694,California
Mariposa,2021-04-10,200,8136,1,1065,189,6725,10,346,186,3280,13,2609,195,5889,California
Mariposa,2021-04-11,115,8251,4,1069,109,6834,2,348,48,3264,67,2676,51,5940,California
Mariposa,2021-04-12,36,8287,10,1079,24,6858,2,350,8,3246,28,2704,10,5950,California
Mariposa,2021-04-13,53,8340,45,1124,8,6866,0,350,34,3261,19,2723,34,5984,California
Mariposa,2021-04-14,112,8452,7,1131,105,6971,0,350,59,3268,52,2775,59,6043,California
Mariposa,2021-04-15,55,8507,17,1148,38,7009,0,350,40,3296,12,2787,40,6083,California
Mariposa,2021-04-16,371,8878,10,1158,361,7370,0,350,97,3119,274,3061,97,6180,California
Mariposa,2021-04-17,11,8889,6,1164,5,7375,0,350,8,3124,3,3064,8,6188,California
Mariposa,2021-04-18,6,8895,0,1164,6,7381,0,350,3,3124,3,3067,3,6191,California
Mariposa,2021-04-19,53,8948,23,1187,30,7411,0,350,28,3128,24,3091,28,6219,California
Mariposa,2021-04-20,63,9011,50,1237,13,7424,0,350,40,3148,20,3111,40,6259,California
Mariposa,2021-04-21,21,9032,12,1249,9,7433,0,350,10,3148,10,3121,10,6269,California
Mariposa,2021-04-22,44,9076,8,1257,36,7469,0,350,36,3177,7,3128,36,6305,California
Mariposa,2021-04-23,314,9390,68,1325,246,7715,0,350,145,3154,169,3297,146,6451,California
Mariposa,2021-04-24,105,9495,9,1334,96,7811,0,350,43,3136,61,3358,43,6494,California
Mariposa,2021-04-26,12,9507,9,1343,3,7814,0,350,2,3128,10,3368,2,6496,California
Mariposa,2021-04-27,29,9536,15,1358,13,7827,1,351,14,3132,11,3379,15,6511,California
Mariposa,2021-04-28,16,9552,11,1369,3,7830,2,353,10,3138,6,3385,12,6523,California
Mariposa,2021-04-29,24,9576,10,1379,13,7843,1,354,20,3155,4,3389,21,6544,California
Mariposa,2021-04-30,38,9614,3,1382,35,7878,0,354,32,3181,6,3395,32,6576,California
Mendocino,2020-12-17,70,70,70,70,0,0,0,0,70,70,0,0,70,70,California
Mendocino,2020-12-18,85,155,84,154,1,1,0,0,84,154,0,0,84,154,California
Mendocino,2020-12-19,4,159,4,158,0,1,0,0,4,158,0,0,4,158,California
Mendocino,2020-12-20,7,166,7,165,0,1,0,0,7,165,0,0,7,165,California
Mendocino,2020-12-21,241,407,241,406,0,1,0,0,77,242,0,0,77,242,California
Mendocino,2020-12-22,250,657,189,595,61,62,0,0,250,492,0,0,250,492,California
Mendocino,2020-12-23,270,927,47,642,223,285,0,0,269,761,0,0,269,761,California
Mendocino,2020-12-24,49,976,8,650,41,326,0,0,49,810,0,0,49,810,California
Mendocino,2020-12-25,1,977,0,650,1,327,0,0,1,811,0,0,1,811,California
Mendocino,2020-12-26,2,979,2,652,0,327,0,0,2,813,0,0,2,813,California
Mendocino,2020-12-27,1,980,0,652,1,328,0,0,1,814,0,0,1,814,California
Mendocino,2020-12-28,74,1054,9,661,65,393,0,0,74,888,0,0,74,888,California
Mendocino,2020-12-29,122,1176,61,722,61,454,0,0,122,1010,0,0,122,1010,California
Mendocino,2020-12-30,123,1299,68,790,55,509,0,0,123,1133,0,0,123,1133,California
Mendocino,2020-12-31,130,1429,95,885,35,544,0,0,130,1263,0,0,130,1263,California
Mendocino,2021-01-01,7,1436,5,890,2,546,0,0,7,1270,0,0,7,1270,California
Mendocino,2021-01-02,1,1437,1,891,0,546,0,0,1,1271,0,0,1,1271,California
Mendocino,2021-01-04,840,2277,19,910,821,1367,0,0,840,2111,0,0,840,2111,California
Mendocino,2021-01-05,71,2348,35,945,36,1403,0,0,58,2156,13,13,58,2169,California
Mendocino,2021-01-06,155,2503,133,1078,22,1425,0,0,145,2291,10,23,145,2314,California
Mendocino,2021-01-07,357,2860,238,1316,119,1544,0,0,294,2522,63,86,294,2608,California
Mendocino,2021-01-08,95,2955,82,1398,13,1557,0,0,41,2510,54,140,42,2650,California
Mendocino,2021-01-09,10,2965,6,1404,4,1561,0,0,8,2516,2,142,8,2658,California
Mendocino,2021-01-10,8,2973,8,1412,0,1561,0,0,1,2510,7,149,1,2659,California
Mendocino,2021-01-11,101,3074,92,1504,9,1570,0,0,43,2496,57,206,43,2702,California
Mendocino,2021-01-12,385,3459,375,1879,10,1580,0,0,269,2649,116,322,269,2971,California
Mendocino,2021-01-13,483,3942,145,2024,338,1918,0,0,442,3053,39,361,443,3414,California
Mendocino,2021-01-14,636,4578,20,2044,616,2534,0,0,627,3671,9,370,627,4041,California
Mendocino,2021-01-15,1857,6435,859,2903,998,3532,0,0,1852,5519,5,375,1853,5894,California
Mendocino,2021-01-16,791,7226,50,2953,741,4273,0,0,789,6306,2,377,789,6683,California
Mendocino,2021-01-17,553,7779,1,2954,552,4825,0,0,552,6857,1,378,552,7235,California
Mendocino,2021-01-18,488,8267,463,3417,25,4850,0,0,476,7321,12,390,476,7711,California
Mendocino,2021-01-19,334,8601,148,3565,186,5036,0,0,158,7303,176,566,158,7869,California
Mendocino,2021-01-20,553,9154,406,3971,147,5183,0,0,447,7647,104,670,448,8317,California
Mendocino,2021-01-21,536,9690,223,4194,313,5496,0,0,352,7816,183,853,352,8669,California
Mendocino,2021-01-22,149,9839,58,4252,91,5587,0,0,110,7887,39,892,110,8779,California
Mendocino,2021-01-23,155,9994,83,4335,72,5659,0,0,149,8030,6,898,149,8928,California
Mendocino,2021-01-24,5,9999,3,4338,2,5661,0,0,5,8035,0,898,5,8933,California
Mendocino,2021-01-25,191,10190,18,4356,173,5834,0,0,121,8086,70,968,121,9054,California
Mendocino,2021-01-26,156,10346,56,4412,100,5934,0,0,95,8120,61,1029,95,9149,California
Mendocino,2021-01-27,439,10785,369,4781,70,6004,0,0,174,8036,258,1287,174,9323,California
Mendocino,2021-01-28,589,11374,525,5306,64,6068,0,0,494,8436,94,1381,494,9817,California
Mendocino,2021-01-29,392,11766,351,5657,41,6109,0,0,363,8771,29,1410,364,10181,California
Mendocino,2021-01-30,48,11814,30,5687,18,6127,0,0,41,8805,7,1417,41,10222,California
Mendocino,2021-01-31,273,12087,2,5689,271,6398,0,0,3,8538,270,1687,3,10225,California
Mendocino,2021-02-01,380,12467,52,5741,328,6726,0,0,58,8274,322,2009,58,10283,California
Mendocino,2021-02-02,721,13188,502,6243,219,6945,0,0,363,8279,358,2367,363,10646,California
Mendocino,2021-02-03,391,13579,206,6449,185,7130,0,0,221,8332,168,2535,221,10867,California
Mendocino,2021-02-04,624,14203,529,6978,95,7225,0,0,500,8708,124,2659,500,11367,California
Mendocino,2021-02-05,1298,15501,1211,8189,87,7312,0,0,584,8580,712,3371,584,11951,California
Mendocino,2021-02-06,559,16060,158,8347,401,7713,0,0,544,9109,15,3386,544,12495,California
Mendocino,2021-02-07,32,16092,28,8375,4,7717,0,0,32,9141,0,3386,32,12527,California
Mendocino,2021-02-08,746,16838,715,9090,31,7748,0,0,284,8963,462,3848,284,12811,California
Mendocino,2021-02-09,141,16979,58,9148,83,7831,0,0,89,9000,52,3900,89,12900,California
Mendocino,2021-02-10,1481,18460,921,10069,560,8391,0,0,741,9007,734,4634,741,13641,California
Mendocino,2021-02-11,1133,19593,208,10277,925,9316,0,0,281,8436,852,5486,281,13922,California
Mendocino,2021-02-12,1404,20997,161,10438,1243,10559,0,0,639,8311,764,6250,639,14561,California
Mendocino,2021-02-13,496,21493,12,10450,484,11043,0,0,103,8027,392,6642,108,14669,California
Mendocino,2021-02-14,694,22187,3,10453,691,11734,0,0,134,7601,560,7202,134,14803,California
Mendocino,2021-02-15,329,22516,42,10495,287,12021,0,0,174,7620,155,7357,174,14977,California
Mendocino,2021-02-16,200,22716,51,10546,149,12170,0,0,130,7680,70,7427,130,15107,California
Mendocino,2021-02-17,1350,24066,1188,11734,162,12332,0,0,877,8086,471,7898,877,15984,California
Mendocino,2021-02-18,1781,25847,640,12374,1141,13473,0,0,1215,8736,565,8463,1215,17199,California
Mendocino,2021-02-19,749,26596,146,12520,603,14076,0,0,610,9207,139,8602,610,17809,California
Mendocino,2021-02-20,570,27166,544,13064,26,14102,0,0,540,9719,28,8630,540,18349,California
Mendocino,2021-02-21,325,27491,6,13070,319,14421,0,0,313,10021,11,8641,313,18662,California
Mendocino,2021-02-22,161,27652,30,13100,131,14552,0,0,69,9999,91,8732,69,18731,California
Mendocino,2021-02-23,674,28326,661,13761,13,14565,0,0,612,10550,61,8793,612,19343,California
Mendocino,2021-02-24,1839,30165,1759,15520,80,14645,0,0,1430,11577,405,9198,1432,20775,California
Mendocino,2021-02-25,1703,31868,532,16052,1171,15816,0,0,1284,12443,418,9616,1284,22059,California
Mendocino,2021-02-26,1403,33271,748,16800,655,16471,0,0,1040,13122,361,9977,1040,23099,California
Mendocino,2021-02-27,199,33470,151,16951,48,16519,0,0,76,13076,122,10099,76,23175,California
Mendocino,2021-02-28,35,33505,13,16964,22,16541,0,0,24,13089,11,10110,24,23199,California
Mendocino,2021-03-01,575,34080,532,17496,43,16584,0,0,538,13590,37,10147,538,23737,California
Mendocino,2021-03-02,71,34151,24,17520,47,16631,0,0,42,13604,28,10175,42,23779,California
Mendocino,2021-03-03,1709,35860,1329,18849,380,17011,0,0,1077,14051,630,10805,1077,24856,California
Mendocino,2021-03-04,1768,37628,147,18996,1621,18632,0,0,1551,15388,215,11020,1552,26408,California
Mendocino,2021-03-05,209,37837,148,19144,52,18684,9,9,117,15424,90,11110,126,26534,California
Mendocino,2021-03-06,242,38079,20,19164,197,18881,25,34,201,15610,40,11150,226,26760,California
Mendocino,2021-03-07,505,38584,8,19172,477,19358,20,54,118,15361,386,11536,137,26897,California
Mendocino,2021-03-08,124,38708,29,19201,59,19417,36,90,64,15403,58,11594,100,26997,California
Mendocino,2021-03-09,570,39278,230,19431,299,19716,41,131,472,15818,98,11692,513,27510,California
Mendocino,2021-03-10,1109,40387,980,20411,64,19780,65,196,268,15316,838,12530,336,27846,California
Mendocino,2021-03-11,821,41208,611,21022,157,19937,53,249,394,15338,425,12955,447,28293,California
Mendocino,2021-03-12,2016,43224,1030,22052,892,20829,94,343,1211,15845,798,13753,1305,29598,California
Mendocino,2021-03-13,654,43878,524,22576,73,20902,57,400,97,15446,553,14306,154,29752,California
Mendocino,2021-03-14,104,43982,2,22578,95,20997,7,407,11,15375,89,14395,18,29770,California
Mendocino,2021-03-15,597,44579,51,22629,488,21485,58,465,209,15254,387,14782,266,30036,California
Mendocino,2021-03-16,570,45149,374,23003,151,21636,45,510,139,15009,429,15211,184,30220,California
Mendocino,2021-03-17,1563,46712,1359,24362,56,21692,148,658,214,14032,1346,16557,369,30589,California
Mendocino,2021-03-18,1307,48019,248,24610,1021,22713,38,696,284,13338,1015,17572,321,30910,California
Mendocino,2021-03-19,1754,49773,855,25465,838,23551,61,757,331,12313,1419,18991,394,31304,California
Mendocino,2021-03-20,68,49841,10,25475,37,23588,21,778,12,12290,56,19047,33,31337,California
Mendocino,2021-03-21,8,49849,1,25476,2,23590,5,783,3,12293,5,19052,8,31345,California
Mendocino,2021-03-22,624,50473,580,26056,15,23605,29,812,146,11993,474,19526,174,31519,California
Mendocino,2021-03-23,165,50638,33,26089,102,23707,30,842,115,12088,50,19576,145,31664,California
Mendocino,2021-03-24,911,51549,840,26929,24,23731,47,889,114,11454,795,20371,161,31825,California
Mendocino,2021-03-25,1985,53534,50,26979,1916,25647,19,908,174,9838,1808,22179,192,32017,California
Mendocino,2021-03-26,506,54040,357,27336,124,25771,25,933,324,10005,182,22361,349,32366,California
Mendocino,2021-03-27,142,54182,12,27348,118,25889,12,945,82,10039,59,22420,93,32459,California
Mendocino,2021-03-28,25,54207,4,27352,17,25906,4,949,3,10024,22,22442,7,32466,California
Mendocino,2021-03-29,186,54393,97,27449,47,25953,42,991,95,10070,91,22533,137,32603,California
Mendocino,2021-03-30,682,55075,597,28046,48,26001,37,1028,412,10250,269,22802,449,33052,California
Mendocino,2021-03-31,866,55941,271,28317,535,26536,60,1088,408,10262,456,23258,468,33520,California
Mendocino,2021-04-01,1707,57648,399,28716,1230,27766,78,1166,382,9404,1317,24575,459,33979,California
Mendocino,2021-04-02,1283,58931,1055,29771,155,27921,73,1239,223,8643,1057,25632,296,34275,California
Mendocino,2021-04-03,704,59635,9,29780,674,28595,21,1260,84,8132,616,26248,105,34380,California
Mendocino,2021-04-04,69,59704,34,29814,29,28624,6,1266,54,8177,15,26263,60,34440,California
Mendocino,2021-04-05,210,59914,142,29956,44,28668,24,1290,130,8249,80,26343,152,34592,California
Mendocino,2021-04-06,383,60297,121,30077,179,28847,83,1373,106,8161,277,26620,189,34781,California
Mendocino,2021-04-07,479,60776,172,30249,63,28910,244,1617,116,8159,361,26981,359,35140,California
Mendocino,2021-04-08,1490,62266,913,31162,461,29371,116,1733,1000,8791,484,27465,1116,36256,California
Mendocino,2021-04-09,755,63021,425,31587,170,29541,160,1893,395,8987,359,27824,555,36811,California
Mendocino,2021-04-10,400,63421,89,31676,265,29806,46,1939,98,8829,302,28126,144,36955,California
Mendocino,2021-04-11,122,63543,47,31723,18,29824,57,1996,58,8880,64,28190,115,37070,California
Mendocino,2021-04-12,617,64160,510,32233,46,29870,61,2057,411,9146,206,28396,472,37542,California
Mendocino,2021-04-13,287,64447,224,32457,62,29932,1,2058,220,9300,67,28463,221,37763,California
Mendocino,2021-04-14,512,64959,422,32879,89,30021,1,2059,410,9609,102,28565,411,38174,California
Mendocino,2021-04-15,654,65613,325,33204,328,30349,1,2060,394,9748,256,28821,395,38569,California
Mendocino,2021-04-16,122,65735,48,33252,72,30421,2,2062,73,9775,48,28869,75,38644,California
Mendocino,2021-04-17,197,65932,11,33263,186,30607,0,2062,69,9717,127,28996,69,38713,California
Mendocino,2021-04-18,8,65940,2,33265,5,30612,1,2063,4,9718,4,29000,5,38718,California
Mendocino,2021-04-19,532,66472,506,33771,24,30636,2,2065,433,10055,98,29098,435,39153,California
Mendocino,2021-04-20,406,66878,278,34049,127,30763,1,2066,261,10172,145,29243,262,39415,California
Mendocino,2021-04-21,181,67059,123,34172,57,30820,1,2067,113,10218,67,29310,113,39528,California
Mendocino,2021-04-22,476,67535,300,34472,175,30995,1,2068,321,10386,153,29463,321,39849,California
Mendocino,2021-04-23,817,68352,675,35147,142,31137,0,2068,665,10901,150,29613,665,40514,California
Mendocino,2021-04-24,101,68453,14,35161,87,31224,0,2068,94,10988,7,29620,94,40608,California
Mendocino,2021-04-25,52,68505,28,35189,20,31244,4,2072,18,10976,34,29654,22,40630,California
Mendocino,2021-04-26,262,68767,205,35394,52,31296,5,2077,180,11080,81,29735,185,40815,California
Mendocino,2021-04-27,173,68940,67,35461,82,31378,24,2101,89,11109,83,29818,112,40927,California
Mendocino,2021-04-28,183,69123,133,35594,39,31417,11,2112,104,11145,79,29897,115,41042,California
Mendocino,2021-04-29,945,70068,705,36299,229,31646,11,2123,84,10380,860,30757,95,41137,California
Mendocino,2021-04-30,491,70559,305,36604,177,31823,9,2132,187,10272,304,31061,196,41333,California
Merced,2020-12-16,3,3,3,3,0,0,0,0,3,3,0,0,3,3,California
Merced,2020-12-17,5,8,5,8,0,0,0,0,5,8,0,0,5,8,California
Merced,2020-12-18,143,151,143,151,0,0,0,0,143,151,0,0,143,151,California
Merced,2020-12-19,39,190,39,190,0,0,0,0,39,190,0,0,39,190,California
Merced,2020-12-20,17,207,17,207,0,0,0,0,17,207,0,0,17,207,California
Merced,2020-12-21,125,332,122,329,3,3,0,0,125,332,0,0,125,332,California
Merced,2020-12-22,152,484,152,481,0,3,0,0,152,484,0,0,152,484,California
Merced,2020-12-23,248,732,242,723,6,9,0,0,248,732,0,0,248,732,California
Merced,2020-12-24,72,804,72,795,0,9,0,0,72,804,0,0,72,804,California
Merced,2020-12-25,4,808,4,799,0,9,0,0,4,808,0,0,4,808,California
Merced,2020-12-26,6,814,3,802,3,12,0,0,6,814,0,0,6,814,California
Merced,2020-12-27,12,826,11,813,1,13,0,0,12,826,0,0,12,826,California
Merced,2020-12-28,122,948,98,911,24,37,0,0,122,948,0,0,122,948,California
Merced,2020-12-29,180,1128,124,1035,56,93,0,0,180,1128,0,0,180,1128,California
Merced,2020-12-30,214,1342,89,1124,125,218,0,0,214,1342,0,0,214,1342,California
Merced,2020-12-31,103,1445,34,1158,69,287,0,0,103,1445,0,0,103,1445,California
Merced,2021-01-01,2,1447,0,1158,2,289,0,0,2,1447,0,0,2,1447,California
Merced,2021-01-02,128,1575,117,1275,11,300,0,0,128,1575,0,0,128,1575,California
Merced,2021-01-03,9,1584,5,1280,4,304,0,0,9,1584,0,0,9,1584,California
Merced,2021-01-04,78,1662,40,1320,38,342,0,0,78,1662,0,0,78,1662,California
Merced,2021-01-05,320,1982,231,1551,89,431,0,0,314,1972,6,6,316,1978,California
Merced,2021-01-06,249,2231,98,1649,151,582,0,0,243,2209,6,12,243,2221,California
Merced,2021-01-07,183,2414,80,1729,103,685,0,0,173,2371,11,23,173,2394,California
Merced,2021-01-08,527,2941,393,2122,134,819,0,0,376,2597,150,173,376,2770,California
Merced,2021-01-09,23,2964,10,2132,13,832,0,0,17,2608,6,179,17,2787,California
Merced,2021-01-10,10,2974,6,2138,4,836,0,0,6,2610,4,183,6,2793,California
Merced,2021-01-11,225,3199,167,2305,58,894,0,0,101,2589,124,307,103,2896,California
Merced,2021-01-12,280,3479,157,2462,123,1017,0,0,230,2768,51,358,230,3126,California
Merced,2021-01-13,372,3851,173,2635,199,1216,0,0,222,2842,150,508,224,3350,California
Merced,2021-01-14,325,4176,201,2836,124,1340,0,0,160,2839,164,672,161,3511,California
Merced,2021-01-15,568,4744,125,2961,443,1783,0,0,530,3332,39,711,532,4043,California
Merced,2021-01-16,201,4945,122,3083,79,1862,0,0,196,3523,5,716,196,4239,California
Merced,2021-01-17,49,4994,12,3095,37,1899,0,0,48,3570,1,717,48,4287,California
Merced,2021-01-18,259,5253,126,3221,133,2032,0,0,237,3788,22,739,240,4527,California
Merced,2021-01-19,703,5956,580,3801,123,2155,0,0,532,4153,171,910,536,5063,California
Merced,2021-01-20,571,6527,466,4267,105,2260,0,0,515,4615,56,966,518,5581,California
Merced,2021-01-21,1004,7531,644,4911,360,2620,0,0,905,5424,99,1065,908,6489,California
Merced,2021-01-22,1301,8832,683,5594,618,3238,0,0,1275,6685,26,1091,1287,7776,California
Merced,2021-01-23,306,9138,184,5778,122,3360,0,0,201,6781,105,1196,201,7977,California
Merced,2021-01-24,32,9170,14,5792,18,3378,0,0,23,6796,8,1204,23,8000,California
Merced,2021-01-25,727,9897,241,6033,486,3864,0,0,668,7406,58,1262,668,8668,California
Merced,2021-01-26,911,10808,483,6516,428,4292,0,0,671,7865,213,1475,672,9340,California
Merced,2021-01-27,975,11783,581,7097,394,4686,0,0,813,8518,160,1635,813,10153,California
Merced,2021-01-28,1136,12919,591,7688,545,5231,0,0,1015,9413,121,1756,1016,11169,California
Merced,2021-01-29,845,13764,321,8009,524,5755,0,0,601,9779,237,1993,603,11772,California
Merced,2021-01-30,259,14023,27,8036,232,5987,0,0,243,10006,16,2009,243,12015,California
Merced,2021-01-31,45,14068,10,8046,35,6022,0,0,44,10049,1,2010,44,12059,California
Merced,2021-02-01,373,14441,52,8098,321,6343,0,0,325,10328,47,2057,326,12385,California
Merced,2021-02-02,293,14734,181,8279,112,6455,0,0,174,10386,117,2174,175,12560,California
Merced,2021-02-03,347,15081,70,8349,277,6732,0,0,166,10371,181,2355,166,12726,California
Merced,2021-02-04,370,15451,146,8495,224,6956,0,0,240,10483,129,2484,241,12967,California
Merced,2021-02-05,512,15963,173,8668,339,7295,0,0,272,10518,239,2723,274,13241,California
Merced,2021-02-06,387,16350,218,8886,169,7464,0,0,244,10621,142,2865,245,13486,California
Merced,2021-02-07,21,16371,13,8899,8,7472,0,0,14,10628,7,2872,14,13500,California
Merced,2021-02-08,278,16649,196,9095,82,7554,0,0,169,10690,108,2980,170,13670,California
Merced,2021-02-09,1212,17861,952,10047,260,7814,0,0,776,11039,428,3408,777,14447,California
Merced,2021-02-10,1851,19712,1431,11478,420,8234,0,0,1272,11740,571,3979,1272,15719,California
Merced,2021-02-11,2500,22212,2004,13482,496,8730,0,0,1815,12878,677,4656,1815,17534,California
Merced,2021-02-12,1713,23925,1012,14494,701,9431,0,0,752,12679,952,5608,753,18287,California
Merced,2021-02-13,359,24284,204,14698,155,9586,0,0,265,12853,93,5701,267,18554,California
Merced,2021-02-14,116,24400,26,14724,90,9676,0,0,95,12928,21,5722,96,18650,California
Merced,2021-02-15,273,24673,40,14764,233,9909,0,0,170,13001,98,5820,171,18821,California
Merced,2021-02-16,1209,25882,841,15605,368,10277,0,0,838,13487,354,6174,840,19661,California
Merced,2021-02-17,1874,27756,1629,17234,245,10522,0,0,1314,14256,547,6721,1316,20977,California
Merced,2021-02-18,1199,28955,810,18044,389,10911,0,0,398,13873,781,7502,398,21375,California
Merced,2021-02-19,1259,30214,410,18454,849,11760,0,0,534,13690,719,8221,536,21911,California
Merced,2021-02-20,276,30490,31,18485,245,12005,0,0,142,13700,132,8353,142,22053,California
Merced,2021-02-21,74,30564,60,18545,14,12019,0,0,30,13686,44,8397,30,22083,California
Merced,2021-02-22,825,31389,292,18837,533,12552,0,0,480,13822,344,8741,480,22563,California
Merced,2021-02-23,1078,32467,420,19257,658,13210,0,0,637,14022,437,9178,637,23200,California
Merced,2021-02-24,813,33280,301,19558,512,13722,0,0,443,14105,361,9539,444,23644,California
Merced,2021-02-25,1750,35030,861,20419,889,14611,0,0,1300,14960,447,9986,1302,24946,California
Merced,2021-02-26,2129,37159,1360,21779,769,15380,0,0,1722,16278,405,10391,1723,26669,California
Merced,2021-02-27,2519,39678,1100,22879,1418,16798,1,1,2234,18228,284,10675,2234,28903,California
Merced,2021-02-28,298,39976,71,22950,227,17025,0,1,250,18434,44,10719,250,29153,California
Merced,2021-03-01,1109,41085,278,23228,831,17856,0,1,772,18877,329,11048,772,29925,California
Merced,2021-03-02,1744,42829,902,24130,841,18697,1,2,1359,19859,378,11426,1360,31285,California
Merced,2021-03-03,2204,45033,1720,25850,483,19180,1,3,1451,20574,737,12163,1452,32737,California
Merced,2021-03-04,2875,47908,2264,28114,609,19789,2,5,1908,21535,950,13113,1911,34648,California
Merced,2021-03-05,2059,49967,1190,29304,846,20635,23,28,1524,22560,523,13636,1548,36196,California
Merced,2021-03-06,1154,51121,652,29956,480,21115,22,50,899,23227,254,13890,921,37117,California
Merced,2021-03-07,225,51346,62,30018,138,21253,25,75,196,23419,29,13919,221,37338,California
Merced,2021-03-08,1245,52591,649,30667,531,21784,65,140,1034,24307,210,14129,1098,38436,California
Merced,2021-03-09,1684,54275,995,31662,582,22366,107,247,1095,24925,585,14714,1203,39639,California
Merced,2021-03-10,2683,56958,1860,33522,624,22990,199,446,1615,25688,1056,15770,1819,41458,California
Merced,2021-03-11,1906,58864,677,34199,1023,24013,206,652,1219,26460,675,16445,1447,42905,California
Merced,2021-03-12,2187,61051,895,35094,1025,25038,267,919,1476,27508,707,17152,1755,44660,California
Merced,2021-03-13,720,61771,309,35403,168,25206,243,1162,412,27864,300,17452,656,45316,California
Merced,2021-03-14,247,62018,135,35538,82,25288,30,1192,149,27947,97,17549,180,45496,California
Merced,2021-03-15,1498,63516,491,36029,752,26040,255,1447,982,28674,509,18058,1236,46732,California
Merced,2021-03-16,1424,64940,682,36711,517,26557,225,1672,945,29371,470,18528,1167,47899,California
Merced,2021-03-17,1940,66880,1039,37750,723,27280,178,1850,1496,30609,438,18966,1676,49575,California
Merced,2021-03-18,2022,68902,1158,38908,717,27997,147,1997,1382,31519,632,19598,1542,51117,California
Merced,2021-03-19,2653,71555,1444,40352,1017,29014,192,2189,1380,31829,1263,20861,1573,52690,California
Merced,2021-03-20,2410,73965,1482,41834,534,29548,394,2583,960,31739,1448,22309,1358,54048,California
Merced,2021-03-21,556,74521,343,42177,200,29748,13,2596,437,32072,119,22428,452,54500,California
Merced,2021-03-22,1259,75780,628,42805,555,30303,76,2672,887,32672,365,22793,965,55465,California
Merced,2021-03-23,1815,77595,1093,43898,658,30961,64,2736,1341,33608,470,23263,1406,56871,California
Merced,2021-03-24,1321,78916,794,44692,492,31453,35,2771,890,34110,423,23686,925,57796,California
Merced,2021-03-25,3294,82210,2266,46958,1007,32460,21,2792,2075,34998,1211,24897,2099,59895,California
Merced,2021-03-26,1916,84126,1074,48032,808,33268,34,2826,886,34895,1022,25919,919,60814,California
Merced,2021-03-27,3012,87138,1746,49778,1196,34464,70,2896,1368,34701,1633,27552,1439,62253,California
Merced,2021-03-28,509,87647,210,49988,292,34756,7,2903,210,34622,297,27849,218,62471,California
Merced,2021-03-29,1610,89257,580,50568,866,35622,164,3067,659,34504,945,28794,827,63298,California
Merced,2021-03-30,2121,91378,787,51355,1275,36897,59,3126,978,34402,1139,29933,1037,64335,California
Merced,2021-03-31,2103,93481,1390,52745,679,37576,34,3160,939,34227,1149,31082,974,65309,California
Merced,2021-04-01,2115,95596,969,53714,1028,38604,118,3278,948,34135,1160,32242,1068,66377,California
Merced,2021-04-02,2265,97861,613,54327,1250,39854,402,3680,723,33739,1525,33767,1129,67506,California
Merced,2021-04-03,724,98585,340,54667,374,40228,10,3690,329,33688,392,34159,341,67847,California
Merced,2021-04-04,365,98950,141,54808,220,40448,4,3694,139,33608,225,34384,145,67992,California
Merced,2021-04-05,1243,100193,590,55398,442,40890,211,3905,405,33388,835,35219,615,68607,California
Merced,2021-04-06,2329,102522,821,56219,684,41574,824,4729,825,33537,1500,36719,1649,70256,California
Merced,2021-04-07,1633,104155,878,57097,648,42222,107,4836,589,33202,1033,37752,698,70954,California
Merced,2021-04-08,2201,106356,1100,58197,886,43108,215,5051,750,32744,1421,39173,963,71917,California
Merced,2021-04-09,1667,108023,468,58665,623,43731,576,5627,561,32794,1089,40262,1139,73056,California
Merced,2021-04-10,685,108708,360,59025,140,43871,185,5812,171,32640,509,40771,355,73411,California
Merced,2021-04-11,486,109194,280,59305,72,43943,134,5946,146,32583,338,41109,281,73692,California
Merced,2021-04-12,1394,110588,907,60212,364,44307,123,6069,811,32969,548,41657,934,74626,California
Merced,2021-04-13,2005,112593,1441,61653,561,44868,3,6072,934,32921,989,42646,941,75567,California
Merced,2021-04-14,1928,114521,1102,62755,826,45694,0,6072,896,32913,906,43552,898,76465,California
Merced,2021-04-15,2999,117520,1966,64721,1033,46727,0,6072,950,32042,1825,45377,954,77419,California
Merced,2021-04-16,2352,119872,1147,65868,1205,47932,0,6072,962,31710,1294,46671,962,78381,California
Merced,2021-04-17,1433,121305,788,66656,645,48577,0,6072,371,31024,1058,47729,372,78753,California
Merced,2021-04-18,466,121771,248,66904,218,48795,0,6072,191,30967,248,47977,191,78944,California
Merced,2021-04-19,1314,123085,738,67642,576,49371,0,6072,702,31150,519,48496,702,79646,California
Merced,2021-04-20,1406,124491,730,68372,676,50047,0,6072,783,31379,555,49051,784,80430,California
Merced,2021-04-21,1454,125945,875,69247,579,50626,0,6072,751,31538,593,49644,752,81182,California
Merced,2021-04-22,1593,127538,732,69979,861,51487,0,6072,778,31581,735,50379,778,81960,California
Merced,2021-04-23,1554,129092,600,70579,954,52441,0,6072,819,31713,688,51067,820,82780,California
Merced,2021-04-24,561,129653,392,70971,169,52610,0,6072,387,31931,170,51237,388,83168,California
Merced,2021-04-25,324,129977,185,71156,139,52749,0,6072,192,31992,131,51368,192,83360,California
Merced,2021-04-26,1051,131028,396,71552,655,53404,0,6072,531,32035,490,51858,533,83893,California
Merced,2021-04-27,1434,132462,585,72137,839,54243,10,6082,580,31837,789,52647,591,84484,California
Merced,2021-04-28,1314,133776,640,72777,665,54908,9,6091,750,32054,544,53191,761,85245,California
Merced,2021-04-29,1120,134896,414,73191,684,55592,22,6113,539,32041,575,53766,562,85807,California
Merced,2021-04-30,554,135450,214,73405,315,55907,25,6138,282,32076,272,54038,307,86114,California
Modoc,2020-12-16,1,1,1,1,0,0,0,0,1,1,0,0,1,1,California
Modoc,2020-12-21,100,101,100,101,0,0,0,0,100,101,0,0,100,101,California
Modoc,2020-12-22,14,115,14,115,0,0,0,0,14,115,0,0,14,115,California
Modoc,2020-12-23,4,119,4,119,0,0,0,0,4,119,0,0,4,119,California
Modoc,2020-12-24,1,120,1,120,0,0,0,0,1,120,0,0,1,120,California
Modoc,2020-12-28,2,122,2,122,0,0,0,0,2,122,0,0,2,122,California
Modoc,2020-12-29,10,132,1,123,9,9,0,0,10,132,0,0,10,132,California
Modoc,2020-12-30,7,139,0,123,7,16,0,0,7,139,0,0,7,139,California
Modoc,2021-01-02,2,141,0,123,2,18,0,0,2,141,0,0,2,141,California
Modoc,2021-01-04,8,149,0,123,8,26,0,0,8,149,0,0,8,149,California
Modoc,2021-01-05,2,151,1,124,1,27,0,0,2,151,0,0,2,151,California
Modoc,2021-01-06,3,154,2,126,1,28,0,0,2,152,1,1,2,153,California
Modoc,2021-01-07,72,226,0,126,72,100,0,0,72,224,0,1,72,225,California
Modoc,2021-01-08,105,331,0,126,105,205,0,0,105,329,0,1,105,330,California
Modoc,2021-01-10,1,332,1,127,0,205,0,0,0,328,1,2,0,330,California
Modoc,2021-01-11,91,423,82,209,9,214,0,0,19,275,72,74,19,349,California
Modoc,2021-01-12,94,517,25,234,69,283,0,0,68,317,26,100,68,417,California
Modoc,2021-01-13,24,541,4,238,20,303,0,0,22,337,2,102,22,439,California
Modoc,2021-01-14,129,670,6,244,123,426,0,0,124,456,5,107,124,563,California
Modoc,2021-01-15,6,676,1,245,5,431,0,0,6,462,0,107,6,569,California
Modoc,2021-01-16,1,677,1,246,0,431,0,0,1,463,0,107,1,570,California
Modoc,2021-01-18,1,678,1,247,0,431,0,0,1,464,0,107,1,571,California
Modoc,2021-01-19,5,683,3,250,2,433,0,0,3,465,2,109,3,574,California
Modoc,2021-01-20,11,694,1,251,10,443,0,0,11,476,0,109,11,585,California
Modoc,2021-01-21,157,851,2,253,155,598,0,0,157,633,0,109,157,742,California
Modoc,2021-01-22,2,853,0,253,2,600,0,0,2,635,0,109,2,744,California
Modoc,2021-01-25,11,864,0,253,11,611,0,0,11,646,0,109,11,755,California
Modoc,2021-01-26,65,929,1,254,64,675,0,0,65,711,0,109,65,820,California
Modoc,2021-01-27,41,970,2,256,39,714,0,0,25,720,16,125,25,845,California
Modoc,2021-01-28,144,1114,1,257,143,857,0,0,144,864,0,125,144,989,California
Modoc,2021-01-29,3,1117,1,258,2,859,0,0,3,867,0,125,3,992,California
Modoc,2021-02-01,25,1142,12,270,13,872,0,0,11,864,14,139,11,1003,California
Modoc,2021-02-02,170,1312,2,272,168,1040,0,0,167,1028,3,142,167,1170,California
Modoc,2021-02-03,18,1330,13,285,5,1045,0,0,11,1032,7,149,11,1181,California
Modoc,2021-02-04,155,1485,4,289,151,1196,0,0,27,931,128,277,27,1208,California
Modoc,2021-02-05,4,1489,3,292,1,1197,0,0,3,933,1,278,3,1211,California
Modoc,2021-02-08,9,1498,2,294,7,1204,0,0,8,940,1,279,8,1219,California
Modoc,2021-02-09,197,1695,13,307,184,1388,0,0,65,873,132,411,65,1284,California
Modoc,2021-02-10,5,1700,2,309,3,1391,0,0,4,876,1,412,4,1288,California
Modoc,2021-02-11,201,1901,3,312,198,1589,0,0,83,841,118,530,83,1371,California
Modoc,2021-02-12,4,1905,0,312,4,1593,0,0,2,841,2,532,2,1373,California
Modoc,2021-02-13,1,1906,0,312,1,1594,0,0,1,842,0,532,1,1374,California
Modoc,2021-02-16,147,2053,6,318,141,1735,0,0,143,981,4,536,143,1517,California
Modoc,2021-02-17,24,2077,1,319,23,1758,0,0,12,981,12,548,12,1529,California
Modoc,2021-02-18,188,2265,2,321,186,1944,0,0,25,845,162,710,26,1555,California
Modoc,2021-02-19,2,2267,2,323,0,1944,0,0,2,847,0,710,2,1557,California
Modoc,2021-02-20,1,2268,1,324,0,1944,0,0,1,848,0,710,1,1558,California
Modoc,2021-02-22,17,2285,9,333,8,1952,0,0,3,837,14,724,3,1561,California
Modoc,2021-02-23,20,2305,2,335,18,1970,0,0,1,819,19,743,1,1562,California
Modoc,2021-02-24,90,2395,1,336,89,2059,0,0,30,789,60,803,30,1592,California
Modoc,2021-02-25,169,2564,1,337,168,2227,0,0,13,646,156,959,13,1605,California
Modoc,2021-02-26,3,2567,0,337,3,2230,0,0,1,645,2,961,1,1606,California
Modoc,2021-02-27,5,2572,5,342,0,2230,0,0,2,644,3,964,2,1608,California
Modoc,2021-03-01,4,2576,0,342,4,2234,0,0,0,640,4,968,0,1608,California
Modoc,2021-03-02,193,2769,12,354,181,2415,0,0,26,499,167,1135,26,1634,California
Modoc,2021-03-03,12,2781,6,360,6,2421,0,0,2,491,10,1145,2,1636,California
Modoc,2021-03-04,175,2956,2,362,173,2594,0,0,148,612,27,1172,148,1784,California
Modoc,2021-03-05,4,2960,3,365,1,2595,0,0,2,612,2,1174,2,1786,California
Modoc,2021-03-06,11,2971,0,365,1,2596,10,10,1,613,10,1184,11,1797,California
Modoc,2021-03-07,6,2977,1,366,0,2596,5,15,1,614,5,1189,6,1803,California
Modoc,2021-03-08,8,2985,1,367,3,2599,4,19,1,613,6,1195,5,1808,California
Modoc,2021-03-09,126,3111,10,377,108,2707,8,27,61,617,65,1260,69,1877,California
Modoc,2021-03-10,9,3120,3,380,2,2709,4,31,4,620,5,1265,8,1885,California
Modoc,2021-03-11,207,3327,0,380,99,2808,108,139,22,565,185,1450,130,2015,California
Modoc,2021-03-12,10,3337,1,381,4,2812,5,144,4,568,6,1456,9,2024,California
Modoc,2021-03-13,4,3341,0,381,1,2813,3,147,1,569,3,1459,4,2028,California
Modoc,2021-03-15,12,3353,1,382,10,2823,1,148,10,578,2,1461,11,2039,California
Modoc,2021-03-16,173,3526,1,383,168,2991,4,152,42,492,131,1592,45,2084,California
Modoc,2021-03-17,10,3536,1,384,4,2995,5,157,2,491,8,1600,7,2091,California
Modoc,2021-03-18,66,3602,1,385,58,3053,7,164,34,500,32,1632,41,2132,California
Modoc,2021-03-19,5,3607,0,385,0,3053,5,169,0,500,5,1637,5,2137,California
Modoc,2021-03-20,6,3613,2,387,1,3054,3,172,1,499,5,1642,4,2141,California
Modoc,2021-03-21,4,3617,1,388,1,3055,2,174,2,501,2,1644,4,2145,California
Modoc,2021-03-22,18,3635,1,389,11,3066,6,180,12,513,6,1650,18,2163,California
Modoc,2021-03-23,35,3670,5,394,27,3093,3,183,27,535,8,1658,30,2193,California
Modoc,2021-03-24,29,3699,1,395,18,3111,10,193,2,520,27,1685,12,2205,California
Modoc,2021-03-25,77,3776,1,396,74,3185,2,195,45,535,32,1717,47,2252,California
Modoc,2021-03-26,7,3783,2,398,2,3187,3,198,2,535,5,1722,5,2257,California
Modoc,2021-03-27,2,3785,0,398,1,3188,1,199,1,536,1,1723,2,2259,California
Modoc,2021-03-28,2,3787,1,399,0,3188,1,200,0,535,2,1725,1,2260,California
Modoc,2021-03-29,14,3801,1,400,5,3193,8,208,5,539,9,1734,13,2273,California
Modoc,2021-03-30,56,3857,10,410,39,3232,7,215,22,534,34,1768,29,2302,California
Modoc,2021-03-31,9,3866,3,413,2,3234,4,219,3,535,6,1774,7,2309,California
Modoc,2021-04-01,169,4035,2,415,162,3396,5,224,34,439,135,1909,39,2348,California
Modoc,2021-04-02,4,4039,0,415,1,3397,3,227,0,439,3,1912,3,2351,California
Modoc,2021-04-03,5,4044,2,417,0,3397,3,230,2,441,2,1914,4,2355,California
Modoc,2021-04-05,9,4053,0,417,9,3406,0,230,9,450,0,1914,9,2364,California
Modoc,2021-04-06,24,4077,5,422,9,3415,10,240,6,448,18,1932,16,2380,California
Modoc,2021-04-07,12,4089,1,423,4,3419,7,247,3,449,9,1941,10,2390,California
Modoc,2021-04-08,97,4186,1,424,93,3512,3,250,26,407,71,2012,29,2419,California
Modoc,2021-04-09,11,4197,2,426,6,3518,3,253,2,402,9,2021,4,2423,California
Modoc,2021-04-10,5,4202,0,426,1,3519,4,257,0,401,5,2026,4,2427,California
Modoc,2021-04-11,2,4204,2,428,0,3519,0,257,1,401,1,2027,1,2428,California
Modoc,2021-04-12,14,4218,1,429,9,3528,4,261,1,395,11,2038,5,2433,California
Modoc,2021-04-13,28,4246,27,456,1,3529,0,261,21,409,7,2045,21,2454,California
Modoc,2021-04-14,2,4248,2,458,0,3529,0,261,1,409,1,2046,1,2455,California
Modoc,2021-04-15,99,4347,0,458,99,3628,0,261,26,362,73,2119,26,2481,California
Modoc,2021-04-16,4,4351,4,462,0,3628,0,261,3,364,1,2120,3,2484,California
Modoc,2021-04-17,2,4353,2,464,0,3628,0,261,2,366,0,2120,2,2486,California
Modoc,2021-04-18,1,4354,0,464,1,3629,0,261,1,367,0,2120,1,2487,California
Modoc,2021-04-19,7,4361,1,465,6,3635,0,261,2,364,5,2125,2,2489,California
Modoc,2021-04-20,27,4388,2,467,25,3660,0,261,9,355,18,2143,9,2498,California
Modoc,2021-04-21,3,4391,3,470,0,3660,0,261,1,354,2,2145,1,2499,California
Modoc,2021-04-22,98,4489,4,474,94,3754,0,261,41,338,57,2202,41,2540,California
Modoc,2021-04-23,4,4493,0,474,4,3758,0,261,3,340,1,2203,3,2543,California
Modoc,2021-04-24,3,4496,1,475,1,3759,1,262,2,342,1,2204,3,2546,California
Modoc,2021-04-25,1,4497,1,476,0,3759,0,262,1,343,0,2204,1,2547,California
Modoc,2021-04-26,8,4505,1,477,7,3766,0,262,3,341,5,2209,3,2550,California
Modoc,2021-04-27,6,4511,4,481,1,3767,1,263,0,336,6,2215,1,2551,California
Modoc,2021-04-28,3,4514,0,481,3,3770,0,263,0,333,3,2218,0,2551,California
Modoc,2021-04-29,50,4564,1,482,49,3819,0,263,16,315,34,2252,16,2567,California
Modoc,2021-04-30,1,4565,1,483,0,3819,0,263,1,316,0,2252,1,2568,California
Mono,2020-12-18,1,1,1,1,0,0,0,0,1,1,0,0,1,1,California
Mono,2020-12-19,5,6,5,6,0,0,0,0,5,6,0,0,5,6,California
Mono,2020-12-20,7,13,7,13,0,0,0,0,7,13,0,0,7,13,California
Mono,2020-12-21,24,37,17,30,7,7,0,0,24,37,0,0,24,37,California
Mono,2020-12-22,66,103,65,95,1,8,0,0,66,103,0,0,66,103,California
Mono,2020-12-23,70,173,42,137,28,36,0,0,70,173,0,0,70,173,California
Mono,2020-12-24,3,176,1,138,2,38,0,0,3,176,0,0,3,176,California
Mono,2020-12-26,3,179,3,141,0,38,0,0,3,179,0,0,3,179,California
Mono,2020-12-28,94,273,63,204,31,69,0,0,94,273,0,0,94,273,California
Mono,2020-12-29,29,302,29,233,0,69,0,0,29,302,0,0,29,302,California
Mono,2020-12-30,77,379,36,269,41,110,0,0,77,379,0,0,77,379,California
Mono,2020-12-31,4,383,1,270,3,113,0,0,4,383,0,0,4,383,California
Mono,2021-01-01,4,387,4,274,0,113,0,0,4,387,0,0,4,387,California
Mono,2021-01-02,2,389,2,276,0,113,0,0,2,389,0,0,2,389,California
Mono,2021-01-04,1,390,0,276,1,114,0,0,1,390,0,0,1,390,California
Mono,2021-01-05,45,435,2,278,43,157,0,0,44,433,1,1,44,434,California
Mono,2021-01-06,44,479,0,278,44,201,0,0,44,477,0,1,44,478,California
Mono,2021-01-07,55,534,3,281,52,253,0,0,54,530,1,2,54,532,California
Mono,2021-01-08,2,536,1,282,1,254,0,0,1,530,1,3,1,533,California
Mono,2021-01-09,4,540,4,286,0,254,0,0,0,526,4,7,0,533,California
Mono,2021-01-10,5,545,5,291,0,254,0,0,0,521,5,12,0,533,California
Mono,2021-01-11,8,553,5,296,3,257,0,0,4,521,4,16,4,537,California
Mono,2021-01-12,282,835,75,371,207,464,0,0,218,676,63,79,218,755,California
Mono,2021-01-13,233,1068,73,444,160,624,0,0,178,799,55,134,178,933,California
Mono,2021-01-14,73,1141,71,515,2,626,0,0,73,872,0,134,73,1006,California
Mono,2021-01-15,62,1203,2,517,60,686,0,0,62,934,0,134,62,1068,California
Mono,2021-01-16,4,1207,3,520,1,687,0,0,1,932,3,137,1,1069,California
Mono,2021-01-18,64,1271,55,575,9,696,0,0,2,872,62,199,2,1071,California
Mono,2021-01-19,209,1480,207,782,2,698,0,0,171,1006,38,237,172,1243,California
Mono,2021-01-20,231,1711,199,981,32,730,0,0,170,1115,61,298,170,1413,California
Mono,2021-01-21,3,1714,3,984,0,730,0,0,3,1118,0,298,3,1416,California
Mono,2021-01-22,4,1718,0,984,4,734,0,0,4,1122,0,298,4,1420,California
Mono,2021-01-23,595,2313,595,1579,0,734,0,0,594,1715,1,299,594,2014,California
Mono,2021-01-25,203,2516,165,1744,38,772,0,0,164,1840,39,338,164,2178,California
Mono,2021-01-26,504,3020,502,2246,2,774,0,0,498,2332,6,344,498,2676,California
Mono,2021-01-27,5,3025,1,2247,4,778,0,0,5,2337,0,344,5,2681,California
Mono,2021-01-28,7,3032,3,2250,4,782,0,0,3,2336,4,348,3,2684,California
Mono,2021-01-30,202,3234,200,2450,2,784,0,0,201,2536,1,349,201,2885,California
Mono,2021-01-31,243,3477,138,2588,105,889,0,0,139,2571,104,453,139,3024,California
Mono,2021-02-01,27,3504,27,2615,0,889,0,0,0,2544,27,480,0,3024,California
Mono,2021-02-02,5,3509,0,2615,5,894,0,0,2,2543,3,483,2,3026,California
Mono,2021-02-03,4,3513,2,2617,2,896,0,0,2,2543,2,485,2,3028,California
Mono,2021-02-04,211,3724,158,2775,53,949,0,0,90,2512,121,606,90,3118,California
Mono,2021-02-05,615,4339,609,3384,6,955,0,0,612,3121,3,609,612,3730,California
Mono,2021-02-06,139,4478,138,3522,1,956,0,0,137,3256,2,611,137,3867,California
Mono,2021-02-07,2,4480,0,3522,2,958,0,0,2,3258,0,611,2,3869,California
Mono,2021-02-08,171,4651,171,3693,0,958,0,0,15,3118,155,766,15,3884,California
Mono,2021-02-09,226,4877,6,3699,220,1178,0,0,14,2920,212,978,14,3898,California
Mono,2021-02-10,537,5414,187,3886,350,1528,0,0,195,2774,342,1320,196,4094,California
Mono,2021-02-11,7,5421,4,3890,3,1531,0,0,2,2771,5,1325,2,4096,California
Mono,2021-02-12,84,5505,20,3910,64,1595,0,0,26,2739,58,1383,26,4122,California
Mono,2021-02-13,586,6091,586,4496,0,1595,0,0,25,2204,560,1943,25,4147,California
Mono,2021-02-15,166,6257,164,4660,2,1597,0,0,3,2046,161,2104,3,4150,California
Mono,2021-02-16,515,6772,512,5172,3,1600,0,0,45,1624,467,2571,45,4195,California
Mono,2021-02-17,6,6778,1,5173,5,1605,0,0,1,1620,5,2576,1,4196,California
Mono,2021-02-18,3,6781,2,5175,1,1606,0,0,2,1621,1,2577,2,4198,California
Mono,2021-02-19,54,6835,53,5228,1,1607,0,0,54,1675,0,2577,54,4252,California
Mono,2021-02-20,4,6839,4,5232,0,1607,0,0,4,1679,0,2577,4,4256,California
Mono,2021-02-21,3,6842,3,5235,0,1607,0,0,3,1682,0,2577,3,4259,California
Mono,2021-02-22,285,7127,284,5519,1,1608,0,0,24,1446,260,2837,24,4283,California
Mono,2021-02-23,135,7262,115,5634,20,1628,0,0,22,1355,113,2950,22,4305,California
Mono,2021-02-24,8,7270,3,5637,5,1633,0,0,2,1351,6,2956,2,4307,California
Mono,2021-02-25,5,7275,2,5639,3,1636,0,0,3,1353,1,2957,3,4310,California
Mono,2021-02-26,596,7871,595,6234,1,1637,0,0,20,798,575,3532,20,4330,California
Mono,2021-02-27,141,8012,137,6371,4,1641,0,0,4,668,134,3666,4,4334,California
Mono,2021-03-01,2,8014,2,6373,0,1641,0,0,1,669,0,3666,1,4335,California
Mono,2021-03-02,5,8019,3,6376,2,1643,0,0,3,670,2,3668,3,4338,California
Mono,2021-03-03,82,8101,2,6378,80,1723,0,0,79,747,2,3670,79,4417,California
Mono,2021-03-04,5,8106,1,6379,4,1727,0,0,3,748,2,3672,3,4420,California
Mono,2021-03-05,37,8143,27,6406,10,1737,0,0,14,739,23,3695,14,4434,California
Mono,2021-03-06,510,8653,17,6423,493,2230,0,0,502,1236,6,3701,503,4937,California
Mono,2021-03-07,1,8654,0,6423,1,2231,0,0,0,1235,1,3702,0,4937,California
Mono,2021-03-08,538,9192,11,6434,524,2755,3,3,529,1758,9,3711,532,5469,California
Mono,2021-03-09,6,9198,2,6436,3,2758,1,4,3,1760,2,3713,4,5473,California
Mono,2021-03-10,285,9483,90,6526,192,2950,3,7,9,1498,274,3987,12,5485,California
Mono,2021-03-11,10,9493,0,6526,1,2951,9,16,0,1497,10,3997,9,5494,California
Mono,2021-03-12,7,9500,1,6527,1,2952,5,21,0,1495,7,4004,5,5499,California
Mono,2021-03-13,824,10324,387,6914,437,3389,0,21,816,2303,8,4012,816,6315,California
Mono,2021-03-14,4,10328,4,6918,0,3389,0,21,1,2301,3,4015,1,6316,California
Mono,2021-03-15,29,10357,23,6941,1,3390,5,26,12,2302,16,4031,17,6333,California
Mono,2021-03-16,16,10373,6,6947,4,3394,6,32,8,2308,8,4039,14,6347,California
Mono,2021-03-17,33,10406,4,6951,21,3415,8,40,21,2325,12,4051,29,6376,California
Mono,2021-03-18,21,10427,2,6953,11,3426,8,48,9,2330,12,4063,17,6393,California
Mono,2021-03-19,21,10448,1,6954,17,3443,3,51,17,2347,3,4066,20,6413,California
Mono,2021-03-20,5,10453,3,6957,1,3444,1,52,4,2351,1,4067,5,6418,California
Mono,2021-03-21,1,10454,1,6958,0,3444,0,52,1,2352,0,4067,1,6419,California
Mono,2021-03-22,11,10465,0,6958,6,3450,5,57,5,2356,6,4073,10,6429,California
Mono,2021-03-23,41,10506,5,6963,31,3481,5,62,18,2356,23,4096,23,6452,California
Mono,2021-03-24,11,10517,1,6964,5,3486,5,67,5,2360,6,4102,10,6462,California
Mono,2021-03-25,19,10536,3,6967,12,3498,4,71,12,2369,7,4109,16,6478,California
Mono,2021-03-26,19,10555,3,6970,11,3509,5,76,10,2376,8,4117,15,6493,California
Mono,2021-03-27,350,10905,347,7317,3,3512,0,76,324,2674,26,4143,324,6817,California
Mono,2021-03-28,1,10906,1,7318,0,3512,0,76,1,2675,0,4143,1,6818,California
Mono,2021-03-29,10,10916,3,7321,6,3518,1,77,8,2682,2,4145,9,6827,California
Mono,2021-03-30,14,10930,0,7321,10,3528,4,81,9,2690,5,4150,13,6840,California
Mono,2021-03-31,125,11055,7,7328,117,3645,1,82,46,2659,78,4228,47,6887,California
Mono,2021-04-01,8,11063,0,7328,7,3652,1,83,3,2658,5,4233,4,6891,California
Mono,2021-04-02,17,11080,2,7330,15,3667,0,83,6,2653,11,4244,6,6897,California
Mono,2021-04-03,849,11929,366,7696,483,4150,0,83,35,1876,812,5056,35,6932,California
Mono,2021-04-05,529,12458,17,7713,511,4661,1,84,31,1411,497,5553,32,6964,California
Mono,2021-04-06,20,12478,2,7715,5,4666,13,97,2,1408,18,5571,15,6979,California
Mono,2021-04-07,24,12502,2,7717,3,4669,19,116,4,1411,20,5591,23,7002,California
Mono,2021-04-08,21,12523,2,7719,2,4671,17,133,3,1413,18,5609,20,7022,California
Mono,2021-04-09,37,12560,4,7723,4,4675,29,162,7,1419,30,5639,36,7058,California
Mono,2021-04-10,446,13006,2,7725,437,5112,7,169,28,1036,418,6057,35,7093,California
Mono,2021-04-11,1,13007,1,7726,0,5112,0,169,0,1035,1,6058,0,7093,California
Mono,2021-04-12,6,13013,0,7726,3,5115,3,172,3,1038,3,6061,6,7099,California
Mono,2021-04-13,18,13031,2,7728,15,5130,1,173,12,1045,6,6067,13,7112,California
Mono,2021-04-14,26,13057,1,7729,25,5155,0,173,7,1033,19,6086,7,7119,California
Mono,2021-04-15,18,13075,3,7732,15,5170,0,173,9,1033,9,6095,9,7128,California
Mono,2021-04-16,14,13089,1,7733,13,5183,0,173,5,1029,9,6104,5,7133,California
Mono,2021-04-17,51,13140,2,7735,49,5232,0,173,44,1066,7,6111,44,7177,California
Mono,2021-04-18,2,13142,1,7736,1,5233,0,173,2,1068,0,6111,2,7179,California
Mono,2021-04-19,526,13668,319,8055,207,5440,0,173,200,944,324,6435,200,7379,California
Mono,2021-04-20,17,13685,2,8057,15,5455,0,173,12,951,5,6440,12,7391,California
Mono,2021-04-21,9,13694,1,8058,8,5463,0,173,4,950,5,6445,4,7395,California
Mono,2021-04-22,27,13721,13,8071,14,5477,0,173,13,949,14,6459,13,7408,California
Mono,2021-04-23,21,13742,2,8073,19,5496,0,173,11,950,10,6469,11,7419,California
Mono,2021-04-24,34,13776,20,8093,14,5510,0,173,19,954,15,6484,19,7438,California
Mono,2021-04-25,3,13779,2,8095,1,5511,0,173,3,957,0,6484,3,7441,California
Mono,2021-04-26,8,13787,1,8096,7,5518,0,173,2,953,6,6490,2,7443,California
Mono,2021-04-27,63,13850,40,8136,18,5536,5,178,49,993,14,6504,54,7497,California
Mono,2021-04-28,55,13905,37,8173,16,5552,2,180,43,1028,10,6514,45,7542,California
Mono,2021-04-29,11,13916,3,8176,5,5557,3,183,3,1026,8,6522,6,7548,California
Mono,2021-04-30,7,13923,3,8179,4,5561,0,183,4,1027,3,6525,4,7552,California
Monterey,2020-12-16,4,4,4,4,0,0,0,0,4,4,0,0,4,4,California
Monterey,2020-12-17,83,87,83,87,0,0,0,0,83,87,0,0,83,87,California
Monterey,2020-12-18,482,569,482,569,0,0,0,0,482,569,0,0,482,569,California
Monterey,2020-12-19,578,1147,578,1147,0,0,0,0,578,1147,0,0,578,1147,California
Monterey,2020-12-20,422,1569,422,1569,0,0,0,0,422,1569,0,0,422,1569,California
Monterey,2020-12-21,719,2288,719,2288,0,0,0,0,719,2288,0,0,719,2288,California
Monterey,2020-12-22,533,2821,520,2808,13,13,0,0,533,2821,0,0,533,2821,California
Monterey,2020-12-23,436,3257,261,3069,175,188,0,0,436,3257,0,0,436,3257,California
Monterey,2020-12-24,84,3341,10,3079,74,262,0,0,84,3341,0,0,84,3341,California
Monterey,2020-12-25,6,3347,0,3079,6,268,0,0,6,3347,0,0,6,3347,California
Monterey,2020-12-26,92,3439,5,3084,87,355,0,0,92,3439,0,0,92,3439,California
Monterey,2020-12-27,7,3446,4,3088,3,358,0,0,7,3446,0,0,7,3446,California
Monterey,2020-12-28,475,3921,25,3113,450,808,0,0,475,3921,0,0,475,3921,California
Monterey,2020-12-29,898,4819,167,3280,731,1539,0,0,898,4819,0,0,898,4819,California
Monterey,2020-12-30,568,5387,98,3378,470,2009,0,0,568,5387,0,0,568,5387,California
Monterey,2020-12-31,33,5420,11,3389,22,2031,0,0,33,5420,0,0,33,5420,California
Monterey,2021-01-01,12,5432,2,3391,10,2041,0,0,12,5432,0,0,12,5432,California
Monterey,2021-01-02,137,5569,134,3525,3,2044,0,0,137,5569,0,0,137,5569,California
Monterey,2021-01-03,30,5599,29,3554,1,2045,0,0,30,5599,0,0,30,5599,California
Monterey,2021-01-04,411,6010,18,3572,393,2438,0,0,411,6010,0,0,411,6010,California
Monterey,2021-01-05,751,6761,326,3898,425,2863,0,0,737,6733,14,14,737,6747,California
Monterey,2021-01-06,655,7416,172,4070,483,3346,0,0,633,7344,22,36,633,7380,California
Monterey,2021-01-07,745,8161,571,4641,174,3520,0,0,422,7445,321,357,422,7802,California
Monterey,2021-01-08,1087,9248,734,5375,353,3873,0,0,394,7146,693,1050,394,8196,California
Monterey,2021-01-09,963,10211,935,6310,28,3901,0,0,313,6809,650,1700,313,8509,California
Monterey,2021-01-10,273,10484,270,6580,3,3904,0,0,8,6552,265,1965,8,8517,California
Monterey,2021-01-11,1065,11549,984,7564,81,3985,0,0,362,6211,703,2668,362,8879,California
Monterey,2021-01-12,464,12013,387,7951,77,4062,0,0,203,6153,261,2929,203,9082,California
Monterey,2021-01-13,1216,13229,591,8542,625,4687,0,0,1171,7279,45,2974,1171,10253,California
Monterey,2021-01-14,1046,14275,92,8634,954,5641,0,0,1028,8292,18,2992,1031,11284,California
Monterey,2021-01-15,1046,15321,44,8678,1002,6643,0,0,1033,9312,13,3005,1033,12317,California
Monterey,2021-01-16,362,15683,299,8977,63,6706,0,0,357,9664,5,3010,357,12674,California
Monterey,2021-01-17,309,15992,288,9265,21,6727,0,0,296,9947,13,3023,296,12970,California
Monterey,2021-01-18,402,16394,50,9315,352,7079,0,0,381,10307,21,3044,381,13351,California
Monterey,2021-01-19,577,16971,396,9711,181,7260,0,0,418,10568,157,3201,418,13769,California
Monterey,2021-01-20,531,17502,269,9980,262,7522,0,0,325,10687,206,3407,325,14094,California
Monterey,2021-01-21,840,18342,93,10073,747,8269,0,0,730,11311,110,3517,734,14828,California
Monterey,2021-01-22,1050,19392,193,10266,857,9126,0,0,1011,12283,39,3556,1011,15839,California
Monterey,2021-01-23,240,19632,174,10440,66,9192,0,0,117,12279,122,3678,118,15957,California
Monterey,2021-01-24,56,19688,38,10478,18,9210,0,0,22,12267,34,3712,22,15979,California
Monterey,2021-01-25,782,20470,173,10651,609,9819,0,0,157,11806,618,4330,157,16136,California
Monterey,2021-01-26,927,21397,223,10874,704,10523,0,0,235,11349,692,5022,235,16371,California
Monterey,2021-01-27,857,22254,308,11182,549,11072,0,0,378,11248,479,5501,378,16749,California
Monterey,2021-01-28,2021,24275,737,11919,1284,12356,0,0,1681,12591,340,5841,1683,18432,California
Monterey,2021-01-29,1228,25503,706,12625,522,12878,0,0,1112,13589,115,5956,1113,19545,California
Monterey,2021-01-30,440,25943,293,12918,147,13025,0,0,183,13515,257,6213,183,19728,California
Monterey,2021-01-31,493,26436,71,12989,422,13447,0,0,483,13989,10,6223,484,20212,California
Monterey,2021-02-01,1659,28095,1146,14135,513,13960,0,0,1097,14525,561,6784,1097,21309,California
Monterey,2021-02-02,2153,30248,455,14590,1698,15658,0,0,1546,15465,606,7390,1546,22855,California
Monterey,2021-02-03,2327,32575,1045,15635,1282,16940,0,0,1552,16246,771,8161,1552,24407,California
Monterey,2021-02-04,2703,35278,2019,17654,684,17624,0,0,2441,18427,260,8421,2441,26848,California
Monterey,2021-02-05,3641,38919,2820,20474,821,18445,0,0,3207,21205,429,8850,3207,30055,California
Monterey,2021-02-06,1095,40014,378,20852,717,19162,0,0,754,21620,339,9189,754,30809,California
Monterey,2021-02-07,315,40329,270,21122,45,19207,0,0,96,21497,219,9408,96,30905,California
Monterey,2021-02-08,516,40845,290,21412,226,19433,0,0,430,21841,86,9494,430,31335,California
Monterey,2021-02-09,861,41706,673,22085,188,19621,0,0,551,22084,310,9804,553,31888,California
Monterey,2021-02-10,2085,43791,1114,23199,971,20592,0,0,1235,22470,850,10654,1236,33124,California
Monterey,2021-02-11,2499,46290,971,24170,1528,22120,0,0,1544,23063,953,11607,1546,34670,California
Monterey,2021-02-12,2585,48875,426,24596,2159,24279,0,0,1522,23523,1062,12669,1522,36192,California
Monterey,2021-02-13,1068,49943,50,24646,1018,25297,0,0,977,24409,91,12760,977,37169,California
Monterey,2021-02-14,591,50534,73,24719,518,25815,0,0,518,24854,73,12833,518,37687,California
Monterey,2021-02-15,1367,51901,159,24878,1208,27023,0,0,992,25474,373,13206,993,38680,California
Monterey,2021-02-16,1089,52990,244,25122,845,27868,0,0,866,26117,223,13429,866,39546,California
Monterey,2021-02-17,1935,54925,1162,26284,773,28641,0,0,1637,27460,296,13725,1639,41185,California
Monterey,2021-02-18,2223,57148,1175,27459,1048,29689,0,0,906,27062,1306,15031,908,42093,California
Monterey,2021-02-19,2936,60084,1532,28991,1404,31093,0,0,1345,26817,1591,16622,1346,43439,California
Monterey,2021-02-20,1004,61088,604,29595,400,31493,0,0,950,27714,53,16675,950,44389,California
Monterey,2021-02-21,1239,62327,1211,30806,28,31521,0,0,1170,28817,67,16742,1170,45559,California
Monterey,2021-02-22,975,63302,843,31649,132,31653,0,0,642,29128,331,17073,642,46201,California
Monterey,2021-02-23,949,64251,617,32266,332,31985,0,0,299,28779,649,17722,300,46501,California
Monterey,2021-02-24,2460,66711,1312,33578,1148,33133,0,0,1848,30021,607,18329,1849,48350,California
Monterey,2021-02-25,4402,71113,2413,35991,1989,35122,0,0,1487,28601,2908,21237,1488,49838,California
Monterey,2021-02-26,5245,76358,3080,39071,2165,37287,0,0,2623,28606,2619,23856,2624,52462,California
Monterey,2021-02-27,996,77354,182,39253,814,38101,0,0,805,29225,186,24042,805,53267,California
Monterey,2021-02-28,1527,78881,81,39334,1446,39547,0,0,1065,29833,457,24499,1065,54332,California
Monterey,2021-03-01,1279,80160,138,39472,1138,40685,3,3,742,30046,533,25032,746,55078,California
Monterey,2021-03-02,2726,82886,1718,41190,1008,41693,0,3,1877,31078,845,25877,1877,56955,California
Monterey,2021-03-03,3200,86086,1241,42431,1959,43652,0,3,1260,30401,1938,27815,1261,58216,California
Monterey,2021-03-04,4548,90634,1468,43899,3080,46732,0,3,2948,31753,1596,29411,2948,61164,California
Monterey,2021-03-05,3584,94218,1619,45518,1688,48420,277,280,2954,34355,629,30040,3231,64395,California
Monterey,2021-03-06,5017,99235,1066,46584,3648,52068,303,583,4113,37868,901,30941,4414,68809,California
Monterey,2021-03-07,520,99755,108,46692,167,52235,245,828,233,38057,287,31228,476,69285,California
Monterey,2021-03-08,1657,101412,326,47018,942,53177,389,1217,1119,39025,538,31766,1506,70791,California
Monterey,2021-03-09,1905,103317,677,47695,952,54129,276,1493,1417,40229,487,32253,1691,72482,California
Monterey,2021-03-10,3114,106431,1017,48712,1609,55738,488,1981,1415,40438,1693,33946,1902,74384,California
Monterey,2021-03-11,4100,110531,1402,50114,2325,58063,373,2354,2340,41398,1753,35699,2713,77097,California
Monterey,2021-03-12,4293,114824,2046,52160,2130,60193,117,2471,2630,42484,1660,37359,2746,79843,California
Monterey,2021-03-13,5237,120061,960,53120,3930,64123,347,2818,3930,45455,1307,38666,4278,84121,California
Monterey,2021-03-14,2147,122208,1325,54445,797,64920,25,2843,577,44498,1559,40225,602,84723,California
Monterey,2021-03-15,3939,126147,1265,55710,2385,67305,289,3132,2254,45359,1681,41906,2542,87265,California
Monterey,2021-03-16,3489,129636,570,56280,2545,69850,374,3506,2079,46400,1409,43315,2450,89715,California
Monterey,2021-03-17,5698,135334,2329,58609,3117,72967,252,3758,4105,49176,1586,44901,4362,94077,California
Monterey,2021-03-18,4350,139684,2153,60762,2030,74997,167,3925,2995,51028,1348,46249,3200,97277,California
Monterey,2021-03-19,5385,145069,2556,63318,2687,77684,142,4067,4114,54019,1266,47515,4257,101534,California
Monterey,2021-03-20,3307,148376,420,63738,2192,79876,695,4762,2230,55870,1073,48588,2924,104458,California
Monterey,2021-03-21,622,148998,200,63938,414,80290,8,4770,555,56367,65,48653,562,105020,California
Monterey,2021-03-22,2452,151450,1428,65366,962,81252,62,4832,2246,58470,203,48856,2306,107326,California
Monterey,2021-03-23,3967,155417,2347,67713,1578,82830,42,4874,2512,59574,1450,50306,2554,109880,California
Monterey,2021-03-24,4973,160390,2086,69799,2577,85407,310,5184,3620,62153,1349,51655,3928,113808,California
Monterey,2021-03-25,5212,165602,1210,71009,3645,89052,357,5541,2591,62489,2613,54268,2949,116757,California
Monterey,2021-03-26,5291,170893,2603,73612,2622,91674,66,5607,2654,62583,2628,56896,2722,119479,California
Monterey,2021-03-27,4756,175649,1418,75030,3082,94756,256,5863,3046,64178,1707,58603,3302,122781,California
Monterey,2021-03-28,1105,176754,333,75363,763,95519,9,5872,623,64333,477,59080,632,123413,California
Monterey,2021-03-29,3166,179920,1402,76765,1750,97269,14,5886,1951,65093,1208,60288,1968,125381,California
Monterey,2021-03-30,4437,184357,2133,78898,2262,99531,42,5928,2752,66216,1675,61963,2798,128179,California
Monterey,2021-03-31,5281,189638,2376,81274,2115,101646,790,6718,3336,68391,1942,63905,4117,132296,California
Monterey,2021-04-01,6019,195657,2060,83334,3552,105198,407,7125,3015,68820,2990,66895,3419,135715,California
Monterey,2021-04-02,4659,200316,2239,85573,2359,107557,61,7186,3164,70554,1494,68389,3228,138943,California
Monterey,2021-04-03,5727,206043,1094,86667,3612,111169,1021,8207,1181,68220,4531,72920,2197,141140,California
Monterey,2021-04-04,754,206797,155,86822,585,111754,14,8221,486,68454,268,73188,502,141642,California
Monterey,2021-04-05,3965,210762,2460,89282,1278,113032,227,8448,1458,67637,2502,75690,1685,143327,California
Monterey,2021-04-06,3263,214025,1314,90596,1478,114510,471,8919,1112,67072,2147,77837,1582,144909,California
Monterey,2021-04-07,5452,219477,1361,91957,3581,118091,510,9429,2617,67373,2824,80661,3125,148034,California
Monterey,2021-04-08,6464,225941,3454,95411,2210,120301,800,10229,3172,68060,3286,83947,3973,152007,California
Monterey,2021-04-09,5468,231409,3322,98733,1516,121817,630,10859,2190,67605,3274,87221,2819,154826,California
Monterey,2021-04-10,9850,241259,4886,103619,2816,124633,2148,13007,4887,69684,4955,92176,7034,161860,California
Monterey,2021-04-11,5419,246678,4251,107870,568,125201,600,13607,4377,73624,1036,93212,4976,166836,California
Monterey,2021-04-12,4048,250726,1834,109704,1904,127105,310,13917,896,71817,3013,96225,1206,168042,California
Monterey,2021-04-13,3113,253839,711,110415,2397,129502,5,13922,1485,71701,1607,97832,1491,169533,California
Monterey,2021-04-14,6557,260396,3110,113525,3445,132947,2,13924,1797,68753,4747,102579,1799,171332,California
Monterey,2021-04-15,5721,266117,3868,117393,1853,134800,0,13924,3810,70682,1881,104460,3810,175142,California
Monterey,2021-04-16,4660,270777,2388,119781,2258,137058,14,13938,2173,70393,2476,106936,2187,177329,California
Monterey,2021-04-17,5050,275827,1329,121110,3721,140779,0,13938,3588,72529,1452,108388,3588,180917,California
Monterey,2021-04-18,834,276661,253,121363,581,141360,0,13938,234,72167,596,108984,234,181151,California
Monterey,2021-04-19,3667,280328,1284,122647,2383,143743,0,13938,1752,72012,1907,110891,1752,182903,California
Monterey,2021-04-20,3757,284085,1574,124221,2183,145926,0,13938,1548,71373,2188,113079,1549,184452,California
Monterey,2021-04-21,5769,289854,3150,127371,2619,148545,0,13938,2833,71306,2902,115981,2835,187287,California
Monterey,2021-04-22,4692,294546,1008,128379,3684,152229,0,13938,1947,70544,2709,118690,1947,189234,California
Monterey,2021-04-23,5635,300181,2627,131006,3007,155236,1,13939,2214,69360,3402,122092,2218,191452,California
Monterey,2021-04-24,3912,304093,569,131575,3343,158579,0,13939,1504,68487,2377,124469,1504,192956,California
Monterey,2021-04-25,1229,305322,601,132176,628,159207,0,13939,785,68837,435,124904,785,193741,California
Monterey,2021-04-26,3372,308694,2117,134293,1239,160446,16,13955,851,67207,2497,127401,867,194608,California
Monterey,2021-04-27,2489,311183,864,135157,1509,161955,116,14071,1084,67007,1399,128800,1199,195807,California
Monterey,2021-04-28,3153,314336,1110,136267,1907,163862,136,14207,2046,68090,1096,129896,2179,197986,California
Monterey,2021-04-29,3457,317793,1924,138191,1480,165342,53,14260,1259,67209,2194,132090,1313,199299,California
Monterey,2021-04-30,1712,319505,1172,139363,530,165872,10,14270,394,66299,1313,133403,403,199702,California
Napa,2020-12-16,12,12,12,12,0,0,0,0,12,12,0,0,12,12,California
Napa,2020-12-17,44,56,44,56,0,0,0,0,44,56,0,0,44,56,California
Napa,2020-12-18,101,157,101,157,0,0,0,0,101,157,0,0,101,157,California
Napa,2020-12-19,221,378,221,378,0,0,0,0,221,378,0,0,221,378,California
Napa,2020-12-20,188,566,188,566,0,0,0,0,188,566,0,0,188,566,California
Napa,2020-12-21,309,875,309,875,0,0,0,0,310,876,0,0,310,876,California
Napa,2020-12-22,340,1215,331,1206,9,9,0,0,340,1216,0,0,340,1216,California
Napa,2020-12-23,427,1642,318,1524,109,118,0,0,427,1643,0,0,427,1643,California
Napa,2020-12-24,139,1781,78,1602,61,179,0,0,139,1782,0,0,139,1782,California
Napa,2020-12-25,1,1782,1,1603,0,179,0,0,1,1783,0,0,1,1783,California
Napa,2020-12-26,39,1821,11,1614,28,207,0,0,39,1822,0,0,39,1822,California
Napa,2020-12-27,32,1853,16,1630,16,223,0,0,32,1854,0,0,32,1854,California
Napa,2020-12-28,251,2104,185,1815,66,289,0,0,280,2134,0,0,280,2134,California
Napa,2020-12-29,273,2377,214,2029,59,348,0,0,307,2441,0,0,307,2441,California
Napa,2020-12-30,628,3005,485,2514,143,491,0,0,636,3077,0,0,636,3077,California
Napa,2020-12-31,461,3466,373,2887,88,579,0,0,461,3538,0,0,461,3538,California
Napa,2021-01-01,1,3467,1,2888,0,579,0,0,1,3539,0,0,1,3539,California
Napa,2021-01-02,98,3565,93,2981,5,584,0,0,98,3637,0,0,98,3637,California
Napa,2021-01-03,13,3578,11,2992,2,586,0,0,9,3646,0,0,9,3646,California
Napa,2021-01-04,106,3684,64,3056,42,628,0,0,106,3752,0,0,106,3752,California
Napa,2021-01-05,162,3846,85,3141,77,705,0,0,145,3873,24,24,145,3897,California
Napa,2021-01-06,460,4306,115,3256,345,1050,0,0,396,4207,62,86,396,4293,California
Napa,2021-01-07,497,4803,234,3490,263,1313,0,0,397,4505,99,185,397,4690,California
Napa,2021-01-08,442,5245,226,3716,216,1529,0,0,262,4588,179,364,262,4952,California
Napa,2021-01-09,325,5570,300,4016,25,1554,0,0,189,4641,136,500,189,5141,California
Napa,2021-01-10,184,5754,101,4117,83,1637,0,0,109,4675,75,575,109,5250,California
Napa,2021-01-11,881,6635,426,4543,455,2092,0,0,508,4811,374,949,510,5760,California
Napa,2021-01-12,1311,7946,370,4913,941,3033,0,0,996,5492,315,1264,996,6756,California
Napa,2021-01-13,1312,9258,264,5177,1048,4081,0,0,1150,6482,161,1425,1151,7907,California
Napa,2021-01-14,1053,10311,173,5350,880,4961,0,0,935,7301,116,1541,935,8842,California
Napa,2021-01-15,1456,11767,384,5734,1072,6033,0,0,1308,8454,156,1697,1309,10151,California
Napa,2021-01-16,357,12124,134,5868,223,6256,0,0,339,8775,18,1715,339,10490,California
Napa,2021-01-17,341,12465,176,6044,165,6421,0,0,331,9096,10,1725,331,10821,California
Napa,2021-01-18,1081,13546,197,6241,884,7305,0,0,990,9995,91,1816,990,11811,California
Napa,2021-01-19,1010,14556,405,6646,605,7910,0,0,768,10522,241,2057,768,12579,California
Napa,2021-01-20,824,15380,185,6831,639,8549,0,0,642,10984,180,2237,642,13221,California
Napa,2021-01-21,1335,16715,374,7205,961,9510,0,0,1080,11811,254,2491,1081,14302,California
Napa,2021-01-22,1540,18255,412,7617,1128,10638,0,0,1213,12699,326,2817,1214,15516,California
Napa,2021-01-23,398,18653,318,7935,80,10718,0,0,336,12973,62,2879,336,15852,California
Napa,2021-01-24,266,18919,189,8124,77,10795,0,0,208,13123,58,2937,208,16060,California
Napa,2021-01-25,1522,20441,231,8355,1291,12086,0,0,1432,14465,90,3027,1432,17492,California
Napa,2021-01-26,881,21322,285,8640,596,12682,0,0,787,15159,94,3121,788,18280,California
Napa,2021-01-27,627,21949,221,8861,406,13088,0,0,471,15475,156,3277,472,18752,California
Napa,2021-01-28,390,22339,177,9038,213,13301,0,0,198,15483,190,3467,198,18950,California
Napa,2021-01-29,254,22593,65,9103,189,13490,0,0,159,15547,95,3562,159,19109,California
Napa,2021-01-30,804,23397,695,9798,109,13599,0,0,640,16023,164,3726,640,19749,California
Napa,2021-01-31,655,24052,625,10423,30,13629,0,0,629,16626,26,3752,629,20378,California
Napa,2021-02-01,315,24367,110,10533,205,13834,0,0,163,16637,152,3904,163,20541,California
Napa,2021-02-02,603,24970,281,10814,322,14156,0,0,293,16623,307,4211,293,20834,California
Napa,2021-02-03,745,25715,310,11124,435,14591,0,0,431,16741,313,4524,431,21265,California
Napa,2021-02-04,789,26504,373,11497,416,15007,0,0,441,16836,346,4870,441,21706,California
Napa,2021-02-05,712,27216,313,11810,399,15406,0,0,344,16812,368,5238,344,22050,California
Napa,2021-02-06,435,27651,146,11956,289,15695,0,0,330,17037,105,5343,330,22380,California
Napa,2021-02-07,176,27827,163,12119,13,15708,0,0,71,17003,105,5448,71,22451,California
Napa,2021-02-08,836,28663,191,12310,645,16353,0,0,274,16718,559,6007,274,22725,California
Napa,2021-02-09,1078,29741,443,12753,635,16988,0,0,438,16516,640,6647,438,23163,California
Napa,2021-02-10,1720,31461,193,12946,1527,18515,0,0,453,15706,1264,7911,454,23617,California
Napa,2021-02-11,1492,32953,194,13140,1298,19813,0,0,406,15038,1074,8985,406,24023,California
Napa,2021-02-12,2162,35115,839,13979,1323,21136,0,0,722,14323,1437,10422,722,24745,California
Napa,2021-02-13,496,35611,52,14031,444,21580,0,0,312,14451,184,10606,312,25057,California
Napa,2021-02-14,355,35966,89,14120,266,21846,0,0,194,14484,161,10767,194,25251,California
Napa,2021-02-15,873,36839,182,14302,691,22537,0,0,220,14053,651,11418,220,25471,California
Napa,2021-02-16,1288,38127,597,14899,691,23228,0,0,612,13990,675,12093,612,26083,California
Napa,2021-02-17,1050,39177,533,15432,517,23745,0,0,480,13902,568,12661,480,26563,California
Napa,2021-02-18,1897,41074,485,15917,1412,25157,0,0,658,13324,1236,13897,658,27221,California
Napa,2021-02-19,1482,42556,587,16504,895,26052,0,0,676,13195,805,14702,676,27897,California
Napa,2021-02-20,822,43378,596,17100,226,26278,0,0,274,12921,548,15250,274,28171,California
Napa,2021-02-21,798,44176,735,17835,63,26341,0,0,196,12515,602,15852,196,28367,California
Napa,2021-02-22,443,44619,187,18022,256,26597,0,0,138,12348,305,16157,138,28505,California
Napa,2021-02-23,1126,45745,301,18323,825,27422,0,0,308,11838,818,16975,308,28813,California
Napa,2021-02-24,1163,46908,643,18966,520,27942,0,0,574,11826,587,17562,575,29388,California
Napa,2021-02-25,2546,49454,1214,20180,1332,29274,0,0,1834,12949,711,18273,1834,31222,California
Napa,2021-02-26,1500,50954,524,20704,976,30250,0,0,587,12625,911,19184,587,31809,California
Napa,2021-02-27,1118,52072,380,21084,738,30988,0,0,865,13239,251,19435,865,32674,California
Napa,2021-02-28,560,52632,459,21543,101,31089,0,0,461,13603,97,19532,461,33135,California
Napa,2021-03-01,1101,53733,815,22358,286,31375,0,0,832,14167,268,19800,832,33967,California
Napa,2021-03-02,1483,55216,1024,23382,459,31834,0,0,1147,14979,335,20135,1147,35114,California
Napa,2021-03-03,1548,56764,686,24068,862,32696,0,0,1363,16158,184,20319,1363,36477,California
Napa,2021-03-04,1708,58472,783,24851,925,33621,0,0,1470,17393,235,20554,1470,37947,California
Napa,2021-03-05,1890,60362,784,25635,1102,34723,4,4,1474,18457,414,20968,1478,39425,California
Napa,2021-03-06,648,61010,281,25916,336,35059,31,35,535,18912,111,21079,566,39991,California
Napa,2021-03-07,521,61531,319,26235,187,35246,15,50,371,19148,150,21229,386,40377,California
Napa,2021-03-08,706,62237,330,26565,323,35569,53,103,529,19555,175,21404,582,40959,California
Napa,2021-03-09,1633,63870,570,27135,1017,36586,46,149,1201,20373,429,21833,1247,42206,California
Napa,2021-03-10,1476,65346,916,28051,467,37053,93,242,775,20543,697,22530,867,43073,California
Napa,2021-03-11,1844,67190,1049,29100,666,37719,129,371,954,20735,890,23420,1082,44155,California
Napa,2021-03-12,1502,68692,911,30011,495,38214,96,467,799,20928,701,24121,894,45049,California
Napa,2021-03-13,1163,69855,299,30310,840,39054,24,491,827,21445,334,24455,851,45900,California
Napa,2021-03-14,610,70465,328,30638,134,39188,148,639,226,21435,383,24838,373,46273,California
Napa,2021-03-15,948,71413,408,31046,471,39659,69,708,479,21516,467,25305,548,46821,California
Napa,2021-03-16,1837,73250,387,31433,1324,40983,126,834,1377,22564,456,25761,1504,48325,California
Napa,2021-03-17,2493,75743,1848,33281,466,41449,179,1013,1585,23420,908,26669,1764,50089,California
Napa,2021-03-18,2102,77845,916,34197,1176,42625,10,1023,1287,23904,813,27482,1297,51386,California
Napa,2021-03-19,1438,79283,866,35063,544,43169,28,1051,715,23927,720,28202,743,52129,California
Napa,2021-03-20,1005,80288,529,35592,323,43492,153,1204,431,23938,573,28775,584,52713,California
Napa,2021-03-21,701,80989,680,36272,19,43511,2,1206,350,23940,350,29125,352,53065,California
Napa,2021-03-22,1088,82077,913,37185,164,43675,11,1217,476,23819,608,29733,487,53552,California
Napa,2021-03-23,1513,83590,821,38006,675,44350,17,1234,1001,24328,509,30242,1018,54570,California
Napa,2021-03-24,1704,85294,944,38950,752,45102,8,1242,822,24277,881,31123,830,55400,California
Napa,2021-03-25,1629,86923,1049,39999,526,45628,54,1296,747,24198,880,32003,801,56201,California
Napa,2021-03-26,1292,88215,829,40828,457,46085,6,1302,589,24093,700,32703,595,56796,California
Napa,2021-03-27,944,89159,431,41259,486,46571,27,1329,312,23800,632,33335,339,57135,California
Napa,2021-03-28,484,89643,374,41633,103,46674,7,1336,184,23692,299,33634,191,57326,California
Napa,2021-03-29,1187,90830,864,42497,318,46992,5,1341,727,23965,459,34093,732,58058,California
Napa,2021-03-30,2430,93260,927,43424,1499,48491,4,1345,1646,24831,784,34877,1650,59708,California
Napa,2021-03-31,1959,95219,956,44380,934,49425,69,1414,804,24550,1152,36029,871,60579,California
Napa,2021-04-01,1725,96944,828,45208,782,50207,115,1529,476,23897,1244,37273,591,61170,California
Napa,2021-04-02,1829,98773,819,46027,868,51075,142,1671,458,23129,1368,38641,600,61770,California
Napa,2021-04-03,622,99395,360,46387,203,51278,59,1730,208,22981,414,39055,266,62036,California
Napa,2021-04-04,353,99748,144,46531,151,51429,58,1788,124,22935,228,39283,182,62218,California
Napa,2021-04-05,1264,101012,755,47286,291,51720,218,2006,574,23038,689,39972,792,63010,California
Napa,2021-04-06,2213,103225,558,47844,1400,53120,255,2261,523,22129,1687,41659,778,63788,California
Napa,2021-04-07,1714,104939,694,48538,799,53919,221,2482,521,21682,1188,42847,741,64529,California
Napa,2021-04-08,1848,106787,1059,49597,419,54338,370,2852,976,22158,868,43715,1344,65873,California
Napa,2021-04-09,1531,108318,920,50517,310,54648,301,3153,678,22285,851,44566,978,66851,California
Napa,2021-04-10,1028,109346,345,50862,583,55231,100,3253,237,21832,790,45356,337,67188,California
Napa,2021-04-11,384,109730,301,51163,62,55293,21,3274,157,21783,227,45583,178,67366,California
Napa,2021-04-12,784,110514,303,51466,358,55651,123,3397,294,21709,489,46072,415,67781,California
Napa,2021-04-13,2518,113032,840,52306,1678,57329,0,3397,916,21027,1598,47670,916,68697,California
Napa,2021-04-14,2058,115090,975,53281,1083,58412,0,3397,1008,20992,1043,48713,1008,69705,California
Napa,2021-04-15,1603,116693,524,53805,1079,59491,0,3397,862,21118,736,49449,862,70567,California
Napa,2021-04-16,2897,119590,1569,55374,1328,60819,0,3397,2185,22593,710,50159,2185,72752,California
Napa,2021-04-17,1119,120709,266,55640,853,61672,0,3397,823,23120,296,50455,823,73575,California
Napa,2021-04-18,263,120972,171,55811,92,61764,0,3397,118,23094,144,50599,118,73693,California
Napa,2021-04-19,608,121580,339,56150,269,62033,0,3397,266,23019,341,50940,266,73959,California
Napa,2021-04-20,2910,124490,1950,58100,960,62993,0,3397,1974,24059,935,51875,1975,75934,California
Napa,2021-04-21,2823,127313,2067,60167,756,63749,0,3397,1780,24802,1038,52913,1781,77715,California
Napa,2021-04-22,1608,128921,1113,61280,495,64244,0,3397,823,24844,781,53694,823,78538,California
Napa,2021-04-23,1539,130460,1163,62443,374,64618,2,3399,1074,25456,462,54156,1074,79612,California
Napa,2021-04-24,538,130998,313,62756,225,64843,0,3399,284,25487,253,54409,284,79896,California
Napa,2021-04-25,248,131246,191,62947,57,64900,0,3399,129,25498,118,54527,129,80025,California
Napa,2021-04-26,487,131733,255,63202,232,65132,0,3399,251,25516,233,54760,251,80276,California
Napa,2021-04-27,1459,133192,423,63625,1025,66157,11,3410,662,25394,795,55555,673,80949,California
Napa,2021-04-28,839,134031,354,63979,468,66625,17,3427,275,25123,563,56118,292,81241,California
Napa,2021-04-29,463,134494,271,64250,176,66801,16,3443,139,24958,319,56437,154,81395,California
Napa,2021-04-30,371,134865,177,64427,175,66976,19,3462,156,24917,215,56652,174,81569,California
Nevada,2020-12-16,3,3,3,3,0,0,0,0,3,3,0,0,3,3,California
Nevada,2020-12-17,6,9,6,9,0,0,0,0,6,9,0,0,6,9,California
Nevada,2020-12-18,52,61,52,61,0,0,0,0,52,61,0,0,52,61,California
Nevada,2020-12-19,55,116,55,116,0,0,0,0,55,116,0,0,55,116,California
Nevada,2020-12-20,12,128,12,128,0,0,0,0,12,128,0,0,12,128,California
Nevada,2020-12-21,69,197,69,197,0,0,0,0,69,197,0,0,69,197,California
Nevada,2020-12-22,91,288,89,286,2,2,0,0,91,288,0,0,91,288,California
Nevada,2020-12-23,233,521,202,488,31,33,0,0,233,521,0,0,233,521,California
Nevada,2020-12-24,13,534,11,499,2,35,0,0,13,534,0,0,13,534,California
Nevada,2020-12-25,3,537,3,502,0,35,0,0,3,537,0,0,3,537,California
Nevada,2020-12-26,6,543,4,506,2,37,0,0,6,543,0,0,6,543,California
Nevada,2020-12-27,88,631,88,594,0,37,0,0,88,631,0,0,88,631,California
Nevada,2020-12-28,170,801,93,687,77,114,0,0,170,801,0,0,170,801,California
Nevada,2020-12-29,100,901,74,761,26,140,0,0,100,901,0,0,100,901,California
Nevada,2020-12-30,86,987,66,827,20,160,0,0,86,987,0,0,86,987,California
Nevada,2020-12-31,39,1026,9,836,30,190,0,0,39,1026,0,0,39,1026,California
Nevada,2021-01-01,1,1027,0,836,1,191,0,0,1,1027,0,0,1,1027,California
Nevada,2021-01-02,1,1028,1,837,0,191,0,0,1,1028,0,0,1,1028,California
Nevada,2021-01-03,129,1157,126,963,3,194,0,0,129,1157,0,0,129,1157,California
Nevada,2021-01-04,71,1228,47,1010,24,218,0,0,71,1228,0,0,71,1228,California
Nevada,2021-01-05,271,1499,130,1140,141,359,0,0,270,1497,1,1,270,1498,California
Nevada,2021-01-06,91,1590,43,1183,48,407,0,0,83,1572,8,9,83,1581,California
Nevada,2021-01-07,215,1805,43,1226,172,579,0,0,208,1775,6,15,209,1790,California
Nevada,2021-01-08,222,2027,128,1354,94,673,0,0,170,1893,52,67,170,1960,California
Nevada,2021-01-09,64,2091,56,1410,8,681,0,0,16,1861,48,115,16,1976,California
Nevada,2021-01-10,17,2108,9,1419,8,689,0,0,9,1862,8,123,9,1985,California
Nevada,2021-01-11,185,2293,131,1550,54,743,0,0,57,1791,128,251,57,2042,California
Nevada,2021-01-12,597,2890,451,2001,146,889,0,0,531,2256,66,317,531,2573,California
Nevada,2021-01-13,257,3147,146,2147,111,1000,0,0,122,2243,135,452,122,2695,California
Nevada,2021-01-14,238,3385,127,2274,111,1111,0,0,220,2446,17,469,220,2915,California
Nevada,2021-01-15,394,3779,169,2443,225,1336,0,0,296,2644,98,567,296,3211,California
Nevada,2021-01-16,296,4075,15,2458,281,1617,0,0,292,2932,4,571,292,3503,California
Nevada,2021-01-17,35,4110,31,2489,4,1621,0,0,33,2963,2,573,33,3536,California
Nevada,2021-01-18,151,4261,41,2530,110,1731,0,0,141,3094,10,583,141,3677,California
Nevada,2021-01-19,244,4505,85,2615,159,1890,0,0,225,3300,19,602,225,3902,California
Nevada,2021-01-20,258,4763,153,2768,105,1995,0,0,245,3532,13,615,245,4147,California
Nevada,2021-01-21,338,5101,207,2975,131,2126,0,0,325,3844,13,628,325,4472,California
Nevada,2021-01-22,346,5447,209,3184,137,2263,0,0,316,4130,30,658,316,4788,California
Nevada,2021-01-23,177,5624,104,3288,73,2336,0,0,177,4307,0,658,177,4965,California
Nevada,2021-01-24,105,5729,98,3386,7,2343,0,0,66,4334,39,697,66,5031,California
Nevada,2021-01-25,267,5996,137,3523,130,2473,0,0,206,4479,61,758,206,5237,California
Nevada,2021-01-26,401,6397,141,3664,260,2733,0,0,299,4676,102,860,299,5536,California
Nevada,2021-01-27,417,6814,248,3912,169,2902,0,0,393,5045,24,884,393,5929,California
Nevada,2021-01-28,468,7282,318,4230,150,3052,0,0,424,5426,43,927,424,6353,California
Nevada,2021-01-29,602,7884,392,4622,210,3262,0,0,576,5978,25,952,577,6930,California
Nevada,2021-01-30,231,8115,104,4726,127,3389,0,0,228,6203,3,955,228,7158,California
Nevada,2021-01-31,102,8217,86,4812,16,3405,0,0,101,6304,1,956,102,7260,California
Nevada,2021-02-01,290,8507,71,4883,219,3624,0,0,276,6566,14,970,276,7536,California
Nevada,2021-02-02,511,9018,173,5056,338,3962,0,0,323,6701,188,1158,323,7859,California
Nevada,2021-02-03,810,9828,570,5626,240,4202,0,0,758,7408,51,1209,758,8617,California
Nevada,2021-02-04,738,10566,392,6018,346,4548,0,0,488,7647,249,1458,488,9105,California
Nevada,2021-02-05,643,11209,365,6383,278,4826,0,0,453,7912,188,1646,453,9558,California
Nevada,2021-02-06,268,11477,82,6465,186,5012,0,0,241,8126,27,1673,241,9799,California
Nevada,2021-02-07,245,11722,192,6657,53,5065,0,0,191,8263,54,1727,191,9990,California
Nevada,2021-02-08,650,12372,408,7065,242,5307,0,0,552,8717,98,1825,552,10542,California
Nevada,2021-02-09,601,12973,337,7402,264,5571,0,0,463,9042,138,1963,463,11005,California
Nevada,2021-02-10,647,13620,322,7724,325,5896,0,0,418,9232,229,2192,419,11424,California
Nevada,2021-02-11,871,14491,504,8228,367,6263,0,0,541,9444,329,2521,541,11965,California
Nevada,2021-02-12,930,15421,434,8662,496,6759,0,0,612,9740,316,2837,612,12577,California
Nevada,2021-02-13,599,16020,236,8898,363,7122,0,0,390,9926,205,3042,391,12968,California
Nevada,2021-02-14,229,16249,119,9017,110,7232,0,0,201,10099,28,3070,201,13169,California
Nevada,2021-02-15,709,16958,438,9455,271,7503,0,0,535,10460,174,3244,535,13704,California
Nevada,2021-02-16,620,17578,197,9652,423,7926,0,0,451,10743,168,3412,451,14155,California
Nevada,2021-02-17,1186,18764,764,10416,422,8348,0,0,858,11273,328,3740,858,15013,California
Nevada,2021-02-18,1005,19769,547,10963,458,8806,0,0,600,11469,404,4144,600,15613,California
Nevada,2021-02-19,1012,20781,629,11592,383,9189,0,0,652,11762,360,4504,653,16266,California
Nevada,2021-02-20,297,21078,105,11697,192,9381,0,0,173,11812,123,4627,173,16439,California
Nevada,2021-02-21,88,21166,83,11780,5,9386,0,0,8,11741,79,4706,8,16447,California
Nevada,2021-02-22,494,21660,327,12107,167,9553,0,0,346,11940,147,4853,346,16793,California
Nevada,2021-02-23,468,22128,219,12326,249,9802,0,0,206,11887,259,5112,206,16999,California
Nevada,2021-02-24,473,22601,235,12561,238,10040,0,0,248,11912,225,5337,250,17249,California
Nevada,2021-02-25,861,23462,465,13026,396,10436,0,0,431,11915,428,5765,431,17680,California
Nevada,2021-02-26,1234,24696,880,13906,354,10790,0,0,407,11498,824,6589,407,18087,California
Nevada,2021-02-27,352,25048,110,14016,242,11032,0,0,182,11510,170,6759,182,18269,California
Nevada,2021-02-28,265,25313,153,14169,112,11144,0,0,124,11494,140,6899,124,18393,California
Nevada,2021-03-01,816,26129,423,14592,393,11537,0,0,351,11382,463,7362,351,18744,California
Nevada,2021-03-02,706,26835,262,14854,444,11981,0,0,480,11640,222,7584,480,19224,California
Nevada,2021-03-03,964,27799,491,15345,472,12453,1,1,492,11662,471,8055,493,19717,California
Nevada,2021-03-04,1101,28900,614,15959,487,12940,0,1,465,11494,633,8688,465,20182,California
Nevada,2021-03-05,813,29713,456,16415,347,13287,10,11,358,11409,453,9141,368,20550,California
Nevada,2021-03-06,356,30069,119,16534,210,13497,27,38,144,11368,212,9353,171,20721,California
Nevada,2021-03-07,208,30277,109,16643,80,13577,19,57,67,11313,141,9494,86,20807,California
Nevada,2021-03-08,804,31081,538,17181,221,13798,45,102,358,11272,445,9939,404,21211,California
Nevada,2021-03-09,668,31749,318,17499,300,14098,50,152,365,11385,301,10240,414,21625,California
Nevada,2021-03-10,956,32705,603,18102,296,14394,57,209,319,11128,633,10873,376,22001,California
Nevada,2021-03-11,1095,33800,718,18820,352,14746,25,234,542,11150,545,11418,567,22568,California
Nevada,2021-03-12,1188,34988,721,19541,437,15183,30,264,503,10999,683,12101,532,23100,California
Nevada,2021-03-13,266,35254,52,19593,209,15392,5,269,95,10928,170,12271,99,23199,California
Nevada,2021-03-14,155,35409,21,19614,128,15520,6,275,33,10845,122,12393,39,23238,California
Nevada,2021-03-15,837,36246,454,20068,371,15891,12,287,354,10731,480,12873,366,23604,California
Nevada,2021-03-16,993,37239,465,20533,467,16358,61,348,646,11092,346,13219,707,24311,California
Nevada,2021-03-17,1013,38252,449,20982,554,16912,10,358,583,11258,427,13646,593,24904,California
Nevada,2021-03-18,968,39220,525,21507,420,17332,23,381,475,11267,489,14135,498,25402,California
Nevada,2021-03-19,751,39971,437,21944,282,17614,32,413,352,11255,396,14531,384,25786,California
Nevada,2021-03-20,822,40793,92,22036,306,17920,424,837,234,11328,582,15113,655,26441,California
Nevada,2021-03-21,57,40850,31,22067,25,17945,1,838,39,11351,17,15130,40,26481,California
Nevada,2021-03-22,795,41645,513,22580,277,18222,5,843,538,11639,255,15385,543,27024,California
Nevada,2021-03-23,852,42497,383,22963,443,18665,26,869,641,12098,208,15593,667,27691,California
Nevada,2021-03-24,1015,43512,539,23502,469,19134,7,876,649,12391,362,15955,655,28346,California
Nevada,2021-03-25,899,44411,451,23953,423,19557,25,901,495,12507,403,16358,519,28865,California
Nevada,2021-03-26,1137,45548,432,24385,668,20225,37,938,827,13063,307,16665,863,29728,California
Nevada,2021-03-27,566,46114,70,24455,480,20705,16,954,385,13283,181,16846,401,30129,California
Nevada,2021-03-28,174,46288,50,24505,111,20816,13,967,39,13202,133,16979,52,30181,California
Nevada,2021-03-29,821,47109,501,25006,298,21114,22,989,394,13193,424,17403,415,30596,California
Nevada,2021-03-30,1043,48152,475,25481,534,21648,34,1023,542,13276,493,17896,576,31172,California
Nevada,2021-03-31,1171,49323,659,26140,495,22143,17,1040,696,13522,466,18362,712,31884,California
Nevada,2021-04-01,1222,50545,713,26853,456,22599,53,1093,542,13442,675,19037,595,32479,California
Nevada,2021-04-02,1278,51823,654,27507,588,23187,36,1129,761,13725,514,19551,797,33276,California
Nevada,2021-04-03,286,52109,89,27596,159,23346,38,1167,82,13642,203,19754,120,33396,California
Nevada,2021-04-04,128,52237,42,27638,79,23425,7,1174,79,13679,49,19803,86,33482,California
Nevada,2021-04-05,933,53170,612,28250,302,23727,19,1193,621,14011,308,20111,640,34122,California
Nevada,2021-04-06,1066,54236,661,28911,262,23989,143,1336,469,14032,591,20702,612,34734,California
Nevada,2021-04-07,1134,55370,807,29718,245,24234,82,1418,599,14184,528,21230,680,35414,California
Nevada,2021-04-08,1271,56641,890,30608,298,24532,83,1501,705,14409,563,21793,788,36202,California
Nevada,2021-04-09,1235,57876,845,31453,321,24853,69,1570,839,14921,396,22189,908,37110,California
Nevada,2021-04-10,263,58139,81,31534,106,24959,76,1646,115,14965,147,22336,191,37301,California
Nevada,2021-04-11,100,58239,31,31565,65,25024,4,1650,39,14947,61,22397,43,37344,California
Nevada,2021-04-12,734,58973,537,32102,180,25204,17,1667,312,14857,419,22816,329,37673,California
Nevada,2021-04-13,875,59848,349,32451,526,25730,0,1667,467,14918,406,23222,467,38140,California
Nevada,2021-04-14,1048,60896,564,33015,484,26214,0,1667,538,14954,502,23724,538,38678,California
Nevada,2021-04-15,1058,61954,702,33717,356,26570,0,1667,615,15136,433,24157,615,39293,California
Nevada,2021-04-16,897,62851,696,34413,201,26771,0,1667,529,15298,367,24524,529,39822,California
Nevada,2021-04-17,194,63045,52,34465,142,26913,0,1667,84,15273,109,24633,84,39906,California
Nevada,2021-04-18,181,63226,17,34482,164,27077,0,1667,101,15294,80,24713,101,40007,California
Nevada,2021-04-19,750,63976,481,34963,269,27346,0,1667,304,15160,438,25151,304,40311,California
Nevada,2021-04-20,795,64771,307,35270,488,27834,0,1667,298,14966,492,25643,298,40609,California
Nevada,2021-04-21,897,65668,490,35760,407,28241,0,1667,266,14608,624,26267,266,40875,California
Nevada,2021-04-22,989,66657,616,36376,373,28614,0,1667,339,14308,639,26906,339,41214,California
Nevada,2021-04-23,1215,67872,538,36914,677,29291,0,1667,396,13895,809,27715,396,41610,California
Nevada,2021-04-24,519,68391,73,36987,446,29737,0,1667,169,13715,349,28064,169,41779,California
Nevada,2021-04-25,115,68506,60,37047,50,29787,5,1672,50,13706,64,28128,55,41834,California
Nevada,2021-04-26,697,69203,527,37574,162,29949,8,1680,196,13418,492,28620,204,42038,California
Nevada,2021-04-27,757,69960,345,37919,408,30357,4,1684,394,13461,355,28975,398,42436,California
Nevada,2021-04-28,885,70845,524,38443,356,30713,5,1689,348,13282,532,29507,353,42789,California
Nevada,2021-04-29,843,71688,580,39023,257,30970,6,1695,210,12866,632,30139,216,43005,California
Nevada,2021-04-30,646,72334,241,39264,402,31372,3,1698,141,12506,504,30643,144,43149,California
Orange,2020-12-15,16,16,16,16,0,0,0,0,16,16,0,0,16,16,California
Orange,2020-12-16,365,381,365,381,0,0,0,0,365,381,0,0,365,381,California
Orange,2020-12-17,3725,4106,3725,4106,0,0,0,0,3724,4105,0,0,3724,4105,California
Orange,2020-12-18,5052,9158,5045,9151,7,7,0,0,5051,9156,0,0,5051,9156,California
Orange,2020-12-19,2230,11388,2223,11374,7,14,0,0,2229,11385,0,0,2229,11385,California
Orange,2020-12-20,1985,13373,1983,13357,2,16,0,0,1986,13371,0,0,1986,13371,California
Orange,2020-12-21,4251,17624,4245,17602,6,22,0,0,4251,17622,0,0,4251,17622,California
Orange,2020-12-22,3981,21605,3946,21548,35,57,0,0,3981,21603,0,0,3981,21603,California
Orange,2020-12-23,3558,25163,3197,24745,361,418,0,0,3560,25163,0,0,3560,25163,California
Orange,2020-12-24,1377,26540,1078,25823,299,717,0,0,1377,26540,0,0,1377,26540,California
Orange,2020-12-25,17,26557,12,25835,5,722,0,0,17,26557,0,0,17,26557,California
Orange,2020-12-26,1022,27579,423,26258,599,1321,0,0,1022,27579,0,0,1022,27579,California
Orange,2020-12-27,582,28161,275,26533,307,1628,0,0,582,28161,0,0,582,28161,California
Orange,2020-12-28,3537,31698,2565,29098,972,2600,0,0,3537,31698,0,0,3537,31698,California
Orange,2020-12-29,3570,35268,2562,31660,1008,3608,0,0,3569,35266,1,1,3569,35267,California
Orange,2020-12-30,5124,40392,3558,35218,1566,5174,0,0,5124,40390,0,1,5124,40391,California
Orange,2020-12-31,1494,41886,798,36016,696,5870,0,0,1494,41884,0,1,1494,41885,California
Orange,2021-01-01,514,42400,275,36291,239,6109,0,0,513,42396,1,2,513,42398,California
Orange,2021-01-02,1404,43804,895,37186,509,6618,0,0,1404,43800,0,2,1404,43802,California
Orange,2021-01-03,577,44381,319,37505,258,6876,0,0,577,44377,0,2,577,44379,California
Orange,2021-01-04,2732,47113,1558,39063,1174,8050,0,0,2733,47109,1,3,2733,47112,California
Orange,2021-01-05,3518,50631,2293,41356,1225,9275,0,0,3111,49820,403,406,3114,50226,California
Orange,2021-01-06,4988,55619,3464,44820,1524,10799,0,0,3622,52088,1354,1760,3622,53848,California
Orange,2021-01-07,9251,64870,5163,49983,4088,14887,0,0,5683,54220,3555,5315,5687,59535,California
Orange,2021-01-08,9406,74276,5262,55245,4144,19031,0,0,5646,56118,3750,9065,5648,65183,California
Orange,2021-01-09,4997,79273,1739,56984,3258,22289,0,0,3716,58553,1281,10346,3716,68899,California
Orange,2021-01-10,4234,83507,1042,58026,3192,25481,0,0,3354,61032,879,11225,3358,72257,California
Orange,2021-01-11,9438,92945,4900,62926,4538,30019,0,0,5817,63226,3624,14849,5818,78075,California
Orange,2021-01-12,8814,101759,4722,67648,4092,34111,0,0,5350,65115,3462,18311,5351,83426,California
Orange,2021-01-13,10241,112000,4912,72560,5329,39440,0,0,7042,68970,3194,21505,7049,90475,California
Orange,2021-01-14,9962,121962,3774,76334,6188,45628,0,0,8373,75762,1587,23092,8379,98854,California
Orange,2021-01-15,10160,132122,2621,78955,7539,53167,0,0,9286,84172,882,23974,9292,108146,California
Orange,2021-01-16,8707,140829,2097,81052,6610,59777,0,0,8311,92092,396,24370,8316,116462,California
Orange,2021-01-17,8155,148984,1484,82536,6671,66448,0,0,8008,99963,147,24517,8018,124480,California
Orange,2021-01-18,9750,158734,4459,86995,5291,71739,0,0,7508,105229,2244,26761,7510,131990,California
Orange,2021-01-19,7488,166222,5415,92410,2073,73812,0,0,4860,107462,2628,29389,4861,136851,California
Orange,2021-01-20,8285,174507,5825,98235,2460,76272,0,0,5230,109643,3056,32445,5237,142088,California
Orange,2021-01-21,10858,185365,4819,103054,6039,82311,0,0,10059,118914,798,33243,10069,152157,California
Orange,2021-01-22,13601,198966,5087,108141,8514,90825,0,0,12762,130853,831,34074,12770,164927,California
Orange,2021-01-23,13127,212093,6182,114323,6945,97770,0,0,12149,142034,976,35050,12157,177084,California
Orange,2021-01-24,9815,221908,4289,118612,5526,103296,0,0,9489,151203,323,35373,9492,186576,California
Orange,2021-01-25,10431,232339,5854,124466,4577,107873,0,0,7708,156198,2718,38091,7713,194289,California
Orange,2021-01-26,11894,244233,7722,132188,4172,112045,0,0,9730,163771,2160,40251,9733,204022,California
Orange,2021-01-27,13417,257650,8001,140189,5416,117461,0,0,10719,171808,2687,42938,10724,214746,California
Orange,2021-01-28,13022,270672,7198,147387,5824,123285,0,0,11162,181132,1846,44784,11170,225916,California
Orange,2021-01-29,13600,284272,8415,155802,5185,128470,0,0,10713,188976,2873,47657,10717,236633,California
Orange,2021-01-30,12929,297201,4444,160246,8485,136955,0,0,12193,200451,721,48378,12196,248829,California
Orange,2021-01-31,13719,310920,4946,165192,8773,145728,0,0,13272,213289,442,48820,13280,262109,California
Orange,2021-02-01,14046,324966,5790,170982,8256,153984,0,0,12039,223346,1987,50807,12044,274153,California
Orange,2021-02-02,15415,340381,8369,179351,7046,161030,0,0,12666,233374,2641,53448,12669,286822,California
Orange,2021-02-03,16749,357130,12571,191922,4178,165208,0,0,13732,244172,2939,56387,13737,300559,California
Orange,2021-02-04,19821,376951,12951,204873,6870,172078,0,0,14739,253868,5051,61438,14747,315306,California
Orange,2021-02-05,20743,397694,12009,216882,8734,180812,0,0,14468,262103,6235,67673,14470,329776,California
Orange,2021-02-06,16320,414014,10787,227669,5533,186345,0,0,11066,268148,5239,72912,11284,341060,California
Orange,2021-02-07,11523,425537,8102,235771,3421,189766,0,0,7548,271905,3960,76872,7717,348777,California
Orange,2021-02-08,14857,440394,8497,244268,6360,196126,0,0,8836,274751,5991,82863,8837,357614,California
Orange,2021-02-09,17655,458049,12019,256287,5636,201762,0,0,10745,278663,6838,89701,10750,368364,California
Orange,2021-02-10,20901,478950,11182,267469,9719,211481,0,0,12674,283213,8133,97834,12683,381047,California
Orange,2021-02-11,22004,500954,11397,278866,10607,222088,0,0,12385,286123,9493,107327,12403,393450,California
Orange,2021-02-12,24758,525712,11898,290764,12860,234948,0,0,14631,290689,10071,117398,14637,408087,California
Orange,2021-02-13,22015,547727,11914,302678,10101,245049,0,0,11150,291820,10661,128059,11792,419879,California
Orange,2021-02-14,16188,563915,6572,309250,9616,254665,0,0,9550,294757,6614,134673,9551,429430,California
Orange,2021-02-15,17217,581132,7390,316640,9827,264492,0,0,8879,295351,8294,142967,8888,438318,California
Orange,2021-02-16,19915,601047,8975,325615,10940,275432,0,0,10712,296928,9159,152126,10736,449054,California
Orange,2021-02-17,17799,618846,9315,334930,8484,283916,0,0,9163,297531,8591,160717,9194,458248,California
Orange,2021-02-18,14887,633733,9837,344767,5050,288966,0,0,6797,296294,8042,168759,6805,465053,California
Orange,2021-02-19,18169,651902,10882,355649,7287,296253,0,0,6933,292050,11189,179948,6945,471998,California
Orange,2021-02-20,7460,659362,5562,361211,1898,298151,0,0,3748,292117,3691,183639,3758,475756,California
Orange,2021-02-21,4332,663694,3654,364865,678,298829,0,0,782,289383,3516,187155,782,476538,California
Orange,2021-02-22,9618,673312,7848,372713,1770,300599,0,0,3890,287584,5703,192858,3904,480442,California
Orange,2021-02-23,13256,686568,7243,379956,6013,306612,0,0,3489,281374,9709,202567,3499,483941,California
Orange,2021-02-24,21112,707680,12792,392748,8320,314932,0,0,5360,271064,15689,218256,5379,489320,California
Orange,2021-02-25,22602,730282,12240,404988,10362,325294,0,0,7970,264489,14561,232817,7986,497306,California
Orange,2021-02-26,27710,757992,14047,419035,13663,338957,0,0,11173,259266,16420,249237,11197,508503,California
Orange,2021-02-27,24952,782944,10066,429101,14884,353841,2,2,7245,248923,17605,266842,7262,515765,California
Orange,2021-02-28,19021,801965,7362,436463,11659,365500,0,2,4802,239634,14108,280950,4819,520584,California
Orange,2021-03-01,18353,820318,8360,444823,9989,375489,4,6,7088,235546,11192,292142,7104,527688,California
Orange,2021-03-02,18780,839098,8872,453695,9905,385394,3,9,9169,235177,9568,301710,9199,536887,California
Orange,2021-03-03,20336,859434,9490,463185,10843,396237,3,12,10958,236853,9307,311017,10983,547870,California
Orange,2021-03-04,22281,881715,12829,476014,9439,405676,13,25,11572,237790,10674,321691,11611,559481,California
Orange,2021-03-05,20699,902414,10727,486741,9928,415604,44,69,12672,242580,7986,329677,12776,572257,California
Orange,2021-03-06,23876,926290,13109,499850,9903,425507,864,933,12638,244902,11205,340882,13527,585784,California
Orange,2021-03-07,14822,941112,8303,508153,6133,431640,386,1319,8654,247830,6132,347014,9060,594844,California
Orange,2021-03-08,16163,957275,7395,515548,7508,439148,1260,2579,10385,253767,5734,352748,11671,606515,California
Orange,2021-03-09,19699,976974,8569,524117,8700,447848,2430,5009,11302,259143,8359,361107,13735,620250,California
Orange,2021-03-10,23968,1000942,11720,535837,9087,456935,3161,8170,12122,262634,11789,372896,15280,635530,California
Orange,2021-03-11,28847,1029789,15672,551509,9054,465989,4121,12291,13406,264805,15356,388252,17527,653057,California
Orange,2021-03-12,29186,1058975,14214,565723,11137,477126,3835,16126,14661,268878,14446,402698,18519,671576,California
Orange,2021-03-13,27677,1086652,10139,575862,13614,490740,3924,20050,14008,273192,13618,416316,17932,689508,California
Orange,2021-03-14,18764,1105416,8134,583996,8118,498858,2512,22562,11849,280661,6886,423202,14355,703863,California
Orange,2021-03-15,22948,1128364,10098,594094,12093,510951,757,23319,14335,287203,8545,431747,15087,718950,California
Orange,2021-03-16,26288,1154652,11108,605202,14958,525909,222,23541,17111,295445,9099,440846,17341,736291,California
Orange,2021-03-17,27142,1181794,13522,618724,13144,539053,476,24017,19403,307650,7672,448518,19877,756168,California
Orange,2021-03-18,27644,1209438,13884,632608,13488,552541,272,24289,21569,323482,6014,454532,21846,778014,California
Orange,2021-03-19,33324,1242762,18320,650928,14577,567118,427,24716,24848,340395,8372,462904,25285,803299,California
Orange,2021-03-20,25722,1268484,13529,664457,11987,579105,206,24922,22027,358991,3636,466540,22232,825531,California
Orange,2021-03-21,18439,1286923,10652,675109,7060,586165,727,25649,15691,372685,2724,469264,16418,841949,California
Orange,2021-03-22,22644,1309567,11689,686798,10633,596798,322,25971,19165,388772,3408,472672,19495,861444,California
Orange,2021-03-23,25868,1335435,13405,700203,11832,608630,631,26602,20802,405212,4996,477668,21436,882880,California
Orange,2021-03-24,28921,1364356,16110,716313,11915,620545,896,27498,21938,421139,6910,484578,22837,905717,California
Orange,2021-03-25,32135,1396491,17123,733436,14347,634892,665,28163,24159,438064,7899,492477,24824,930541,California
Orange,2021-03-26,34624,1431115,17962,751398,15817,650709,845,29008,24942,454270,9583,502060,25789,956330,California
Orange,2021-03-27,28296,1459411,13533,764931,14450,665159,313,29321,19766,465907,8444,510504,20081,976411,California
Orange,2021-03-28,24674,1484085,12759,777690,11848,677007,67,29388,18614,478593,5999,516503,18685,995096,California
Orange,2021-03-29,26335,1510420,12039,789729,13747,690754,549,29937,17906,488691,8357,524860,18455,1013551,California
Orange,2021-03-30,30416,1540836,13783,803512,16250,707004,383,30320,21273,501270,9079,533939,21658,1035209,California
Orange,2021-03-31,36751,1577587,19304,822816,16855,723859,592,30912,24000,513208,12658,546597,24596,1059805,California
Orange,2021-04-01,39763,1617350,20989,843805,17232,741091,1542,32454,26007,527088,13663,560260,27543,1087348,California
Orange,2021-04-02,39576,1656926,19978,863783,17905,758996,1693,34147,22516,534331,16973,577233,24216,1111564,California
Orange,2021-04-03,29762,1686688,15602,879385,12546,771542,1614,35761,14155,534558,15540,592773,15767,1127331,California
Orange,2021-04-04,18211,1704899,10627,890012,6896,778438,688,36449,8152,533382,10013,602786,8837,1136168,California
Orange,2021-04-05,29657,1734556,13904,903916,12470,790908,3283,39732,13821,534704,15773,618559,17095,1153263,California
Orange,2021-04-06,33050,1767606,15503,919419,14235,805143,3312,43044,14333,533703,18633,637192,17632,1170895,California
Orange,2021-04-07,35666,1803272,19954,939373,11266,816409,4446,47490,15769,534067,19828,657020,20192,1191087,California
Orange,2021-04-08,38344,1841616,21386,960759,11625,828034,5333,52823,18734,538587,19521,676541,24041,1215128,California
Orange,2021-04-09,40255,1881871,23484,984243,11731,839765,5040,57863,17842,539123,22331,698872,22867,1237995,California
Orange,2021-04-10,33904,1915775,17979,1002222,11793,851558,4132,61995,14090,537590,19736,718608,18203,1256198,California
Orange,2021-04-11,25323,1941098,14268,1016490,7821,859379,3234,65229,9714,534965,15563,734171,12938,1269136,California
Orange,2021-04-12,30137,1971235,15277,1031767,11393,870772,3467,68696,11852,532036,18234,752405,15305,1284441,California
Orange,2021-04-13,32177,2003412,18090,1049857,14025,884797,62,68758,15017,530013,17100,769505,15077,1299518,California
Orange,2021-04-14,34078,2037490,19886,1069743,14162,898959,30,68788,14978,526004,19019,788524,15010,1314528,California
Orange,2021-04-15,39521,2077011,24077,1093820,15433,914392,11,68799,18297,523185,21129,809653,18310,1332838,California
Orange,2021-04-16,40845,2117856,23952,1117772,16868,931260,25,68824,18397,519252,22361,832014,18428,1351266,California
Orange,2021-04-17,29654,2147510,17241,1135013,12410,943670,3,68827,12794,515260,16793,848807,12801,1364067,California
Orange,2021-04-18,21324,2168834,12887,1147900,8436,952106,1,68828,8448,510881,12831,861638,8452,1372519,California
Orange,2021-04-19,32271,2201105,17769,1165669,14500,966606,2,68830,14826,508342,17370,879008,14831,1387350,California
Orange,2021-04-20,34974,2236079,18133,1183802,16838,983444,3,68833,17483,508406,17421,896429,17485,1404835,California
Orange,2021-04-21,40022,2276101,22874,1206676,17138,1000582,10,68843,18771,506017,21170,917599,18781,1423616,California
Orange,2021-04-22,38974,2315075,20584,1227260,18384,1018966,6,68849,16240,499645,22626,940225,16254,1439870,California
Orange,2021-04-23,39624,2354699,20343,1247603,19275,1038241,6,68855,17527,495181,21999,962224,17535,1457405,California
Orange,2021-04-24,31732,2386431,16601,1264204,15096,1053337,35,68890,13363,490282,18299,980523,13400,1470805,California
Orange,2021-04-25,22888,2409319,12897,1277101,9978,1063315,13,68903,9826,487115,13011,993534,9844,1480649,California
Orange,2021-04-26,25129,2434448,11971,1289072,12987,1076302,171,69074,10992,484221,14058,1007592,11164,1491813,California
Orange,2021-04-27,27575,2462023,12549,1301621,14542,1090844,484,69558,10498,478270,16939,1024531,10988,1502801,California
Orange,2021-04-28,29438,2491461,14627,1316248,14004,1104848,807,70365,11506,472745,17836,1042367,12311,1515112,California
Orange,2021-04-29,23102,2514563,11925,1328173,10337,1115185,840,71205,8108,466754,14936,1057303,8945,1524057,California
Orange,2021-04-30,17027,2531590,9143,1337316,7459,1122644,425,71630,7617,465432,9363,1066666,8041,1532098,California
Placer,2020-12-15,29,29,29,29,0,0,0,0,29,29,0,0,29,29,California
Placer,2020-12-16,54,83,54,83,0,0,0,0,54,83,0,0,54,83,California
Placer,2020-12-17,139,222,139,222,0,0,0,0,139,222,0,0,139,222,California
Placer,2020-12-18,331,553,331,553,0,0,0,0,331,553,0,0,331,553,California
Placer,2020-12-19,251,804,251,804,0,0,0,0,251,804,0,0,251,804,California
Placer,2020-12-20,234,1038,234,1038,0,0,0,0,234,1038,0,0,234,1038,California
Placer,2020-12-21,492,1530,491,1529,1,1,0,0,492,1530,0,0,492,1530,California
Placer,2020-12-22,675,2205,668,2197,7,8,0,0,675,2205,0,0,675,2205,California
Placer,2020-12-23,745,2950,659,2856,86,94,0,0,745,2950,0,0,745,2950,California
Placer,2020-12-24,398,3348,346,3202,52,146,0,0,398,3348,0,0,398,3348,California
Placer,2020-12-26,156,3504,111,3313,45,191,0,0,156,3504,0,0,156,3504,California
Placer,2020-12-27,186,3690,163,3476,23,214,0,0,186,3690,0,0,186,3690,California
Placer,2020-12-28,663,4353,536,4012,127,341,0,0,663,4353,0,0,663,4353,California
Placer,2020-12-29,761,5114,513,4525,248,589,0,0,761,5114,0,0,761,5114,California
Placer,2020-12-30,728,5842,454,4979,274,863,0,0,726,5840,0,0,726,5840,California
Placer,2020-12-31,529,6371,343,5322,186,1049,0,0,529,6369,0,0,529,6369,California
Placer,2021-01-01,15,6386,11,5333,4,1053,0,0,15,6384,0,0,15,6384,California
Placer,2021-01-02,184,6570,152,5485,32,1085,0,0,184,6568,0,0,184,6568,California
Placer,2021-01-03,154,6724,79,5564,75,1160,0,0,154,6722,0,0,154,6722,California
Placer,2021-01-04,618,7342,179,5743,439,1599,0,0,618,7340,0,0,618,7340,California
Placer,2021-01-05,725,8067,159,5902,566,2165,0,0,642,7901,82,82,643,7983,California
Placer,2021-01-06,760,8827,244,6146,516,2681,0,0,618,8377,142,224,618,8601,California
Placer,2021-01-07,985,9812,368,6514,617,3298,0,0,780,8952,205,429,780,9381,California
Placer,2021-01-08,1182,10994,528,7042,654,3952,0,0,855,9483,324,753,855,10236,California
Placer,2021-01-09,449,11443,321,7363,128,4080,0,0,233,9501,215,968,233,10469,California
Placer,2021-01-10,329,11772,186,7549,143,4223,0,0,164,9500,165,1133,164,10633,California
Placer,2021-01-11,1424,13196,806,8355,618,4841,0,0,836,9749,588,1721,837,11470,California
Placer,2021-01-12,1648,14844,876,9231,772,5613,0,0,1046,10193,602,2323,1046,12516,California
Placer,2021-01-13,1632,16476,819,10050,813,6426,0,0,1210,10986,420,2743,1213,13729,California
Placer,2021-01-14,1769,18245,652,10702,1117,7543,0,0,1414,12049,352,3095,1415,15144,California
Placer,2021-01-15,1933,20178,722,11424,1211,8754,0,0,1583,13284,349,3444,1584,16728,California
Placer,2021-01-16,1470,21648,719,12143,751,9505,0,0,1349,14513,121,3565,1350,18078,California
Placer,2021-01-17,564,22212,398,12541,166,9671,0,0,432,14813,132,3697,432,18510,California
Placer,2021-01-18,977,23189,539,13080,438,10109,0,0,748,15333,229,3926,749,19259,California
Placer,2021-01-19,2607,25796,1946,15026,661,10770,0,0,2157,17040,450,4376,2157,21416,California
Placer,2021-01-20,2261,28057,1695,16721,566,11336,0,0,1933,18646,328,4704,1934,23350,California
Placer,2021-01-21,2553,30610,1112,17833,1441,12777,0,0,2160,20415,392,5096,2161,25511,California
Placer,2021-01-22,2302,32912,593,18426,1709,14486,0,0,2127,22370,173,5269,2128,27639,California
Placer,2021-01-23,1189,34101,380,18806,809,15295,0,0,1034,23249,155,5424,1034,28673,California
Placer,2021-01-24,507,34608,265,19071,242,15537,0,0,431,23605,76,5500,432,29105,California
Placer,2021-01-25,1671,36279,803,19874,868,16405,0,0,1384,24703,287,5787,1385,30490,California
Placer,2021-01-26,1851,38130,1027,20901,824,17229,0,0,1587,26026,264,6051,1587,32077,California
Placer,2021-01-27,1839,39969,1152,22053,687,17916,0,0,1596,27382,241,6292,1597,33674,California
Placer,2021-01-28,1805,41774,1115,23168,690,18606,0,0,1557,28693,246,6538,1557,35231,California
Placer,2021-01-29,1892,43666,1171,24339,721,19327,0,0,1700,30204,191,6729,1702,36933,California
Placer,2021-01-30,1725,45391,971,25310,754,20081,0,0,1604,31688,120,6849,1604,38537,California
Placer,2021-01-31,780,46171,624,25934,156,20237,0,0,712,32333,68,6917,713,39250,California
Placer,2021-02-01,2070,48241,1089,27023,981,21218,0,0,1756,33775,314,7231,1756,41006,California
Placer,2021-02-02,2373,50614,1539,28562,834,22052,0,0,1883,35171,487,7718,1883,42889,California
Placer,2021-02-03,2918,53532,1875,30437,1043,23095,0,0,2294,36845,620,8338,2294,45183,California
Placer,2021-02-04,2757,56289,1186,31623,1571,24666,0,0,1934,37961,819,9157,1935,47118,California
Placer,2021-02-05,2729,59018,1204,32827,1525,26191,0,0,1402,38042,1322,10479,1403,48521,California
Placer,2021-02-06,1946,60964,1308,34135,638,26829,0,0,1397,38890,549,11028,1397,49918,California
Placer,2021-02-07,1221,62185,910,35045,311,27140,0,0,937,39544,283,11311,937,50855,California
Placer,2021-02-08,3301,65486,1767,36812,1534,28674,0,0,1976,40204,1317,12628,1977,52832,California
Placer,2021-02-09,3546,69032,2175,38987,1371,30045,0,0,1643,39946,1901,14529,1643,54475,California
Placer,2021-02-10,3745,72777,2189,41176,1556,31601,0,0,1742,39690,2000,16529,1744,56219,California
Placer,2021-02-11,3683,76460,1904,43080,1779,33380,0,0,1585,39191,2085,18614,1586,57805,California
Placer,2021-02-12,2838,79298,1319,44399,1519,34899,0,0,1665,39718,1139,19753,1666,59471,California
Placer,2021-02-13,2533,81831,1484,45883,1049,35948,0,0,1882,40949,651,20404,1882,61353,California
Placer,2021-02-14,1079,82910,674,46557,405,36353,0,0,737,41347,339,20743,737,62090,California
Placer,2021-02-15,2239,85149,1043,47600,1196,37549,0,0,1531,42170,709,21452,1532,63622,California
Placer,2021-02-16,3570,88719,1779,49379,1791,39340,0,0,1586,41782,1975,23427,1587,65209,California
Placer,2021-02-17,3540,92259,1960,51339,1580,40920,0,0,1510,41266,2026,25453,1510,66719,California
Placer,2021-02-18,3792,96051,2045,53384,1747,42667,0,0,1625,40734,2158,27611,1626,68345,California
Placer,2021-02-19,3585,99636,1910,55294,1675,44342,0,0,1328,39810,2253,29864,1329,69674,California
Placer,2021-02-20,1974,101610,1232,56526,742,45084,0,0,890,39625,1078,30942,893,70567,California
Placer,2021-02-21,971,102581,729,57255,242,45326,0,0,280,39218,688,31630,281,70848,California
Placer,2021-02-22,2522,105103,1774,59029,748,46074,0,0,604,37905,1917,33547,604,71452,California
Placer,2021-02-23,2541,107644,1571,60600,970,47044,0,0,879,37123,1661,35208,879,72331,California
Placer,2021-02-24,3281,110925,1173,61773,2108,49152,0,0,1786,37426,1485,36693,1788,74119,California
Placer,2021-02-25,3528,114453,1421,63194,2107,51259,0,0,1875,37657,1645,38338,1876,75995,California
Placer,2021-02-26,4094,118547,2373,65567,1721,52980,0,0,2352,38271,1738,40076,2352,78347,California
Placer,2021-02-27,2817,121364,1492,67059,1325,54305,0,0,1452,38367,1359,41435,1455,79802,California
Placer,2021-02-28,1397,122761,793,67852,604,54909,0,0,587,38150,804,42239,587,80389,California
Placer,2021-03-01,2990,125751,1983,69835,1007,55916,0,0,1542,38249,1443,43682,1542,81931,California
Placer,2021-03-02,2867,128618,1760,71595,1107,57023,0,0,1876,39139,986,44668,1876,83807,California
Placer,2021-03-03,3321,131939,1422,73017,1899,58922,0,0,1816,39457,1499,46167,1817,85624,California
Placer,2021-03-04,3624,135563,1451,74468,2173,61095,0,0,1893,39632,1719,47886,1894,87518,California
Placer,2021-03-05,3003,138566,1027,75495,1954,63049,22,22,1804,40261,1197,49083,1826,89344,California
Placer,2021-03-06,2405,140971,1481,76976,828,63877,96,118,923,39805,1475,50558,1019,90363,California
Placer,2021-03-07,1297,142268,752,77728,507,64384,38,156,530,39609,764,51322,568,90931,California
Placer,2021-03-08,2907,145175,1827,79555,967,65351,113,269,1650,40117,1255,52577,1763,92694,California
Placer,2021-03-09,3166,148341,1678,81233,1397,66748,91,360,1814,40673,1349,53926,1905,94599,California
Placer,2021-03-10,3276,151617,1318,82551,1851,68599,107,467,1705,40919,1566,55492,1812,96411,California
Placer,2021-03-11,3576,155193,1589,84140,1863,70462,124,591,1725,40928,1843,57335,1852,98263,California
Placer,2021-03-12,3670,158863,1483,85623,1406,71868,781,1372,1249,40545,2414,59749,2031,100294,California
Placer,2021-03-13,2104,160967,738,86361,1248,73116,118,1490,1129,40821,972,60721,1248,101542,California
Placer,2021-03-14,1638,162605,672,87033,817,73933,149,1639,891,41114,747,61468,1040,102582,California
Placer,2021-03-15,3173,165778,1527,88560,1515,75448,131,1770,1759,41592,1413,62881,1891,104473,California
Placer,2021-03-16,3556,169334,1914,90474,1509,76957,133,1903,2282,42745,1263,64144,2416,106889,California
Placer,2021-03-17,3411,172745,1726,92200,1586,78543,99,2002,2201,43839,1208,65352,2302,109191,California
Placer,2021-03-18,3961,176706,2196,94396,1727,80270,38,2040,2823,45568,1131,66483,2860,112051,California
Placer,2021-03-19,3425,180131,2061,96457,1100,81370,264,2304,2183,46779,1235,67718,2446,114497,California
Placer,2021-03-20,2136,182267,895,97352,1144,82514,97,2401,1302,47347,830,68548,1398,115895,California
Placer,2021-03-21,1251,183518,573,97925,669,83183,9,2410,943,47994,305,68853,952,116847,California
Placer,2021-03-22,3263,186781,2098,100023,1078,84261,87,2497,2192,49207,1067,69920,2280,119127,California
Placer,2021-03-23,3520,190301,2092,102115,1337,85598,91,2588,2520,50824,995,70915,2612,121739,California
Placer,2021-03-24,3785,194086,1996,104111,1693,87291,96,2684,1950,51057,1813,72728,2046,123785,California
Placer,2021-03-25,3772,197858,1793,105904,1882,89173,97,2781,1725,50840,2038,74766,1821,125606,California
Placer,2021-03-26,3752,201610,1657,107561,1863,91036,232,3013,1579,50491,2160,76926,1811,127417,California
Placer,2021-03-27,1595,203205,468,108029,1107,92143,20,3033,652,50227,936,77862,672,128089,California
Placer,2021-03-28,1102,204307,527,108556,565,92708,10,3043,373,49886,724,78586,383,128472,California
Placer,2021-03-29,3553,207860,1986,110542,1533,94241,34,3077,1724,49825,1820,80406,1759,130231,California
Placer,2021-03-30,3978,211838,2102,112644,1832,96073,44,3121,2097,50098,1867,82273,2140,132371,California
Placer,2021-03-31,4079,215917,1830,114474,2175,98248,74,3195,1684,49467,2388,84661,1757,134128,California
Placer,2021-04-01,2897,218814,1361,115835,1490,99738,46,3241,1601,49819,1295,85956,1647,135775,California
Placer,2021-04-02,2830,221644,1445,117280,1321,101059,64,3305,1586,50231,1237,87193,1649,137424,California
Placer,2021-04-03,1852,223496,983,118263,741,101800,128,3433,890,50293,956,88149,1018,138442,California
Placer,2021-04-04,709,224205,361,118624,295,102095,53,3486,286,50211,421,88570,339,138781,California
Placer,2021-04-05,2983,227188,1888,120512,913,103008,182,3668,1738,50890,1241,89811,1920,140701,California
Placer,2021-04-06,4271,231459,2472,122984,1500,104508,299,3967,1523,49969,2743,92554,1822,142523,California
Placer,2021-04-07,4492,235951,2560,125544,1471,105979,461,4428,2052,50044,2435,94989,2510,145033,California
Placer,2021-04-08,4682,240633,2593,128137,1545,107524,544,4972,1572,49061,3099,98088,2116,147149,California
Placer,2021-04-09,4074,244707,2245,130382,1215,108739,614,5586,1213,48038,2852,100940,1829,148978,California
Placer,2021-04-10,1979,246686,852,131234,947,109686,180,5766,846,47933,1130,102070,1025,150003,California
Placer,2021-04-11,1322,248008,502,131736,787,110473,33,5799,426,47499,892,102962,458,150461,California
Placer,2021-04-12,4102,252110,2652,134388,1070,111543,380,6179,2468,48722,1624,104586,2847,153308,California
Placer,2021-04-13,4331,256441,2985,137373,1345,112888,1,6180,2182,48760,2145,106731,2183,155491,California
Placer,2021-04-14,4062,260503,2507,139880,1554,114442,1,6181,1795,48297,2258,108989,1795,157286,California
Placer,2021-04-15,4393,264896,2423,142303,1969,116411,1,6182,2281,48477,2102,111091,2282,159568,California
Placer,2021-04-16,3656,268552,2171,144474,1485,117896,0,6182,1429,47685,2221,113312,1429,160997,California
Placer,2021-04-17,2340,270892,794,145268,1546,119442,0,6182,1453,48254,884,114196,1453,162450,California
Placer,2021-04-18,1156,272048,233,145501,923,120365,0,6182,404,47908,750,114946,404,162854,California
Placer,2021-04-19,2906,274954,1777,147278,1129,121494,0,6182,1145,47296,1758,116704,1146,164000,California
Placer,2021-04-20,3767,278721,2444,149722,1323,122817,0,6182,2400,48337,1359,118063,2400,166400,California
Placer,2021-04-21,3647,282368,2390,152112,1256,124073,1,6183,2377,49449,1266,119329,2378,168778,California
Placer,2021-04-22,3533,285901,2141,154253,1392,125465,0,6183,1732,49383,1798,121127,1732,170510,California
Placer,2021-04-23,3478,289379,2308,156561,1169,126634,1,6184,1361,48636,2109,123236,1362,171872,California
Placer,2021-04-24,2065,291444,1248,157809,817,127451,0,6184,1210,48997,849,124085,1210,173082,California
Placer,2021-04-25,899,292343,496,158305,403,127854,0,6184,555,49208,344,124429,555,173637,California
Placer,2021-04-26,2189,294532,1199,159504,968,128822,22,6206,1091,49231,1089,125518,1112,174749,California
Placer,2021-04-27,2485,297017,1305,160809,1145,129967,35,6241,1468,49723,1012,126530,1504,176253,California
Placer,2021-04-28,2688,299705,1672,162481,979,130946,37,6278,1392,49863,1289,127819,1429,177682,California
Placer,2021-04-29,2614,302319,1658,164139,904,131850,52,6330,992,49289,1618,129437,1044,178726,California
Placer,2021-04-30,1896,304215,1300,165439,581,132431,15,6345,695,48799,1200,130637,710,179436,California
Plumas,2020-12-18,4,4,4,4,0,0,0,0,4,4,0,0,4,4,California
Plumas,2020-12-19,1,5,1,5,0,0,0,0,1,5,0,0,1,5,California
Plumas,2020-12-21,45,50,45,50,0,0,0,0,45,50,0,0,45,50,California
Plumas,2020-12-22,92,142,92,142,0,0,0,0,92,142,0,0,92,142,California
Plumas,2020-12-23,50,192,50,192,0,0,0,0,50,192,0,0,50,192,California
Plumas,2020-12-24,6,198,6,198,0,0,0,0,6,198,0,0,6,198,California
Plumas,2020-12-28,8,206,0,198,8,8,0,0,8,206,0,0,8,206,California
Plumas,2020-12-29,32,238,22,220,10,18,0,0,32,238,0,0,32,238,California
Plumas,2020-12-30,22,260,1,221,21,39,0,0,22,260,0,0,22,260,California
Plumas,2020-12-31,4,264,1,222,3,42,0,0,4,264,0,0,4,264,California
Plumas,2021-01-04,10,274,4,226,6,48,0,0,10,274,0,0,10,274,California
Plumas,2021-01-05,22,296,2,228,20,68,0,0,22,296,0,0,22,296,California
Plumas,2021-01-06,124,420,5,233,119,187,0,0,124,420,0,0,124,420,California
Plumas,2021-01-07,53,473,2,235,51,238,0,0,52,471,1,1,52,472,California
Plumas,2021-01-08,12,485,5,240,7,245,0,0,8,475,4,5,8,480,California
Plumas,2021-01-09,2,487,2,242,0,245,0,0,1,475,1,6,1,481,California
Plumas,2021-01-11,59,546,50,292,9,254,0,0,12,440,47,53,12,493,California
Plumas,2021-01-12,155,701,86,378,69,323,0,0,71,427,84,137,71,564,California
Plumas,2021-01-13,56,757,50,428,6,329,0,0,10,391,46,183,10,574,California
Plumas,2021-01-14,96,853,14,442,82,411,0,0,91,477,5,188,91,665,California
Plumas,2021-01-15,62,915,7,449,55,466,0,0,60,535,2,190,60,725,California
Plumas,2021-01-16,58,973,1,450,57,523,0,0,58,593,0,190,58,783,California
Plumas,2021-01-18,2,975,1,451,1,524,0,0,2,595,0,190,2,785,California
Plumas,2021-01-19,36,1011,5,456,31,555,0,0,32,623,4,194,32,817,California
Plumas,2021-01-20,121,1132,3,459,118,673,0,0,119,740,2,196,119,936,California
Plumas,2021-01-21,113,1245,2,461,111,784,0,0,113,853,0,196,113,1049,California
Plumas,2021-01-22,5,1250,1,462,4,788,0,0,5,858,0,196,5,1054,California
Plumas,2021-01-23,92,1342,1,463,91,879,0,0,92,950,0,196,92,1146,California
Plumas,2021-01-24,1,1343,1,464,0,879,0,0,1,951,0,196,1,1147,California
Plumas,2021-01-25,10,1353,7,471,3,882,0,0,7,955,3,199,7,1154,California
Plumas,2021-01-26,60,1413,2,473,58,940,0,0,52,999,8,207,52,1206,California
Plumas,2021-01-27,25,1438,20,493,5,945,0,0,5,984,20,227,5,1211,California
Plumas,2021-01-28,23,1461,0,493,23,968,0,0,21,1003,2,229,21,1232,California
Plumas,2021-01-29,8,1469,2,495,6,974,0,0,7,1009,1,230,7,1239,California
Plumas,2021-01-30,8,1477,4,499,4,978,0,0,7,1015,1,231,7,1246,California
Plumas,2021-01-31,3,1480,3,502,0,978,0,0,3,1018,0,231,3,1249,California
Plumas,2021-02-01,15,1495,2,504,13,991,0,0,7,1017,8,239,7,1256,California
Plumas,2021-02-02,21,1516,2,506,19,1010,0,0,2,1000,19,258,2,1258,California
Plumas,2021-02-03,128,1644,8,514,120,1130,0,0,13,899,114,372,13,1271,California
Plumas,2021-02-04,101,1745,8,522,93,1223,0,0,23,844,78,450,23,1294,California
Plumas,2021-02-05,24,1769,11,533,13,1236,0,0,9,838,15,465,9,1303,California
Plumas,2021-02-06,7,1776,0,533,7,1243,0,0,7,845,0,465,7,1310,California
Plumas,2021-02-08,16,1792,7,540,9,1252,0,0,4,837,12,477,4,1314,California
Plumas,2021-02-09,171,1963,1,541,170,1422,0,0,111,888,60,537,111,1425,California
Plumas,2021-02-10,89,2052,9,550,80,1502,0,0,80,960,9,546,81,1506,California
Plumas,2021-02-11,322,2374,7,557,315,1817,0,0,263,1164,59,605,263,1769,California
Plumas,2021-02-12,122,2496,3,560,119,1936,0,0,118,1278,4,609,118,1887,California
Plumas,2021-02-13,73,2569,4,564,69,2005,0,0,14,1233,59,668,14,1901,California
Plumas,2021-02-14,8,2577,5,569,3,2008,0,0,8,1241,0,668,8,1909,California
Plumas,2021-02-15,27,2604,5,574,22,2030,0,0,24,1262,3,671,24,1933,California
Plumas,2021-02-16,76,2680,4,578,72,2102,0,0,14,1214,62,733,14,1947,California
Plumas,2021-02-17,136,2816,5,583,131,2233,0,0,12,1102,124,857,12,1959,California
Plumas,2021-02-18,128,2944,6,589,122,2355,0,0,19,1012,109,966,19,1978,California
Plumas,2021-02-19,41,2985,4,593,37,2392,0,0,6,983,35,1001,6,1984,California
Plumas,2021-02-20,104,3089,7,600,97,2489,0,0,12,903,92,1093,12,1996,California
Plumas,2021-02-21,5,3094,5,605,0,2489,0,0,1,900,4,1097,1,1997,California
Plumas,2021-02-22,3,3097,1,606,2,2491,0,0,0,897,3,1100,0,1997,California
Plumas,2021-02-23,25,3122,5,611,20,2511,0,0,17,906,8,1108,17,2014,California
Plumas,2021-02-24,456,3578,7,618,449,2960,0,0,443,1336,13,1121,443,2457,California
Plumas,2021-02-25,231,3809,10,628,221,3181,0,0,170,1445,61,1182,170,2627,California
Plumas,2021-02-26,264,4073,8,636,256,3437,0,0,256,1694,8,1190,257,2884,California
Plumas,2021-02-27,40,4113,4,640,36,3473,0,0,33,1720,7,1197,33,2917,California
Plumas,2021-02-28,1,4114,0,640,1,3474,0,0,1,1721,0,1197,1,2918,California
Plumas,2021-03-01,12,4126,3,643,9,3483,0,0,7,1724,4,1201,7,2925,California
Plumas,2021-03-02,8,4134,0,643,8,3491,0,0,6,1728,2,1203,6,2931,California
Plumas,2021-03-03,152,4286,10,653,142,3633,0,0,136,1848,16,1219,136,3067,California
Plumas,2021-03-04,252,4538,9,662,243,3876,0,0,230,2056,22,1241,230,3297,California
Plumas,2021-03-05,400,4938,7,669,388,4264,5,5,389,2439,11,1252,394,3691,California
Plumas,2021-03-06,19,4957,2,671,9,4273,8,13,3,2434,16,1268,11,3702,California
Plumas,2021-03-07,13,4970,2,673,2,4275,9,22,3,2436,10,1278,12,3714,California
Plumas,2021-03-08,29,4999,3,676,2,4277,24,46,3,2437,26,1304,27,3741,California
Plumas,2021-03-09,132,5131,1,677,116,4393,15,61,18,2356,114,1418,33,3774,California
Plumas,2021-03-10,255,5386,3,680,238,4631,14,75,108,2332,146,1564,122,3896,California
Plumas,2021-03-11,181,5567,8,688,168,4799,5,80,146,2448,35,1599,151,4047,California
Plumas,2021-03-12,595,6162,3,691,304,5103,288,368,23,2187,572,2171,311,4358,California
Plumas,2021-03-13,25,6187,4,695,10,5113,11,379,5,2183,20,2191,16,4374,California
Plumas,2021-03-14,12,6199,3,698,4,5117,5,384,1,2179,10,2201,6,4380,California
Plumas,2021-03-15,32,6231,1,699,24,5141,7,391,6,2166,26,2227,13,4393,California
Plumas,2021-03-16,60,6291,3,702,56,5197,1,392,49,2205,11,2238,50,4443,California
Plumas,2021-03-17,73,6364,9,711,63,5260,1,393,58,2250,14,2252,59,4502,California
Plumas,2021-03-18,60,6424,6,717,38,5298,16,409,12,2230,48,2300,28,4530,California
Plumas,2021-03-19,164,6588,6,723,156,5454,2,411,155,2381,7,2307,158,4688,California
Plumas,2021-03-20,693,7281,4,727,688,6142,1,412,673,3037,18,2325,674,5362,California
Plumas,2021-03-21,2,7283,1,728,1,6143,0,412,1,3038,0,2325,1,5363,California
Plumas,2021-03-22,183,7466,2,730,181,6324,0,412,176,3207,7,2332,176,5539,California
Plumas,2021-03-23,27,7493,2,732,25,6349,0,412,13,3206,14,2346,13,5552,California
Plumas,2021-03-24,654,8147,7,739,646,6995,1,413,224,3002,429,2775,225,5777,California
Plumas,2021-03-25,299,8446,7,746,290,7285,2,415,155,3013,144,2919,155,5932,California
Plumas,2021-03-26,312,8758,9,755,303,7588,0,415,46,2794,265,3184,46,5978,California
Plumas,2021-03-27,12,8770,1,756,10,7598,1,416,2,2787,10,3194,3,5981,California
Plumas,2021-03-28,5,8775,3,759,1,7599,1,417,3,2789,2,3196,4,5985,California
Plumas,2021-03-29,12,8787,4,763,7,7606,1,418,4,2786,8,3204,5,5990,California
Plumas,2021-03-30,151,8938,3,766,147,7753,1,419,24,2684,127,3331,25,6015,California
Plumas,2021-03-31,287,9225,2,768,284,8037,1,420,268,2934,19,3350,269,6284,California
Plumas,2021-04-01,294,9519,10,778,283,8320,1,421,58,2758,234,3584,58,6342,California
Plumas,2021-04-02,374,9893,5,783,368,8688,1,422,28,2453,334,3918,29,6371,California
Plumas,2021-04-03,16,9909,3,786,5,8693,8,430,4,2453,12,3930,12,6383,California
Plumas,2021-04-04,3,9912,1,787,1,8694,1,431,0,2451,3,3933,1,6384,California
Plumas,2021-04-05,12,9924,3,790,8,8702,1,432,5,2450,7,3940,6,6390,California
Plumas,2021-04-06,120,10044,6,796,88,8790,26,458,13,2382,107,4047,39,6429,California
Plumas,2021-04-07,280,10324,6,802,99,8889,175,633,27,2331,253,4300,202,6631,California
Plumas,2021-04-08,149,10473,3,805,131,9020,15,648,34,2265,114,4414,48,6679,California
Plumas,2021-04-09,50,10523,9,814,25,9045,16,664,19,2268,31,4445,34,6713,California
Plumas,2021-04-10,23,10546,2,816,5,9050,16,680,4,2269,19,4464,20,6733,California
Plumas,2021-04-11,4,10550,3,819,0,9050,1,681,3,2272,1,4465,4,6737,California
Plumas,2021-04-12,9,10559,4,823,3,9053,2,683,6,2277,3,4468,8,6745,California
Plumas,2021-04-13,206,10765,5,828,201,9254,0,683,138,2347,68,4536,138,6883,California
Plumas,2021-04-14,108,10873,7,835,101,9355,0,683,54,2347,54,4590,54,6937,California
Plumas,2021-04-15,50,10923,2,837,48,9403,0,683,32,2361,18,4608,32,6969,California
Plumas,2021-04-16,144,11067,4,841,140,9543,0,683,4,2225,140,4748,4,6973,California
Plumas,2021-04-17,666,11733,1,842,665,10208,0,683,20,1601,644,5392,20,6993,California
Plumas,2021-04-18,3,11736,2,844,1,10209,0,683,1,1600,2,5394,1,6994,California
Plumas,2021-04-19,38,11774,3,847,35,10244,0,683,5,1572,33,5427,5,6999,California
Plumas,2021-04-20,40,11814,4,851,36,10280,0,683,25,1582,15,5442,25,7024,California
Plumas,2021-04-21,313,12127,5,856,307,10587,1,684,18,1306,294,5736,18,7042,California
Plumas,2021-04-22,270,12397,7,863,263,10850,0,684,130,1296,140,5876,130,7172,California
Plumas,2021-04-23,73,12470,6,869,67,10917,0,684,16,1255,57,5933,16,7188,California
Plumas,2021-04-24,171,12641,5,874,166,11083,0,684,146,1377,24,5957,146,7334,California
Plumas,2021-04-26,27,12668,2,876,25,11108,0,684,8,1367,18,5975,8,7342,California
Plumas,2021-04-27,88,12756,3,879,85,11193,0,684,52,1383,36,6011,52,7394,California
Plumas,2021-04-28,231,12987,3,882,228,11421,0,684,32,1217,198,6209,32,7426,California
Plumas,2021-04-29,118,13105,41,923,76,11497,1,685,80,1260,38,6247,81,7507,California
Plumas,2021-04-30,11,13116,2,925,8,11505,1,686,2,1254,9,6256,3,7510,California
Riverside,2020-12-15,4,4,4,4,0,0,0,0,4,4,0,0,4,4,California
Riverside,2020-12-16,64,68,64,68,0,0,0,0,64,68,0,0,64,68,California
Riverside,2020-12-17,805,873,805,873,0,0,0,0,805,873,0,0,805,873,California
Riverside,2020-12-18,1723,2596,1722,2595,1,1,0,0,1723,2596,0,0,1723,2596,California
Riverside,2020-12-19,1027,3623,1024,3619,3,4,0,0,1025,3620,1,1,1025,3621,California
Riverside,2020-12-20,1084,4707,1083,4702,1,5,0,0,1084,4704,0,1,1084,4705,California
Riverside,2020-12-21,2272,6979,2270,6972,2,7,0,0,2272,6976,0,1,2272,6977,California
Riverside,2020-12-22,2253,9232,2214,9186,39,46,0,0,2252,9228,0,1,2252,9229,California
Riverside,2020-12-23,2129,11361,1792,10978,337,383,0,0,2130,11358,0,1,2130,11359,California
Riverside,2020-12-24,827,12188,625,11603,202,585,0,0,827,12185,0,1,827,12186,California
Riverside,2020-12-25,28,12216,5,11608,23,608,0,0,28,12213,0,1,28,12214,California
Riverside,2020-12-26,400,12616,257,11865,143,751,0,0,400,12613,0,1,400,12614,California
Riverside,2020-12-27,361,12977,243,12108,118,869,0,0,361,12974,0,1,361,12975,California
Riverside,2020-12-28,1626,14603,1126,13234,500,1369,0,0,1626,14600,0,1,1626,14601,California
Riverside,2020-12-29,1737,16340,972,14206,765,2134,0,0,1737,16337,0,1,1737,16338,California
Riverside,2020-12-30,2578,18918,1685,15891,893,3027,0,0,2577,18914,0,1,2577,18915,California
Riverside,2020-12-31,1023,19941,395,16286,628,3655,0,0,1025,19939,0,1,1025,19940,California
Riverside,2021-01-01,111,20052,43,16329,68,3723,0,0,111,20050,0,1,111,20051,California
Riverside,2021-01-02,832,20884,692,17021,140,3863,0,0,832,20882,0,1,832,20883,California
Riverside,2021-01-03,345,21229,300,17321,45,3908,0,0,344,21226,0,1,344,21227,California
Riverside,2021-01-04,1260,22489,794,18115,466,4374,0,0,1260,22486,0,1,1260,22487,California
Riverside,2021-01-05,1978,24467,1361,19476,617,4991,0,0,1884,24282,88,89,1884,24371,California
Riverside,2021-01-06,2475,26942,1104,20580,1371,6362,0,0,2169,26149,302,391,2169,26540,California
Riverside,2021-01-07,2767,29709,1814,22394,953,7315,0,0,1705,26798,1058,1449,1707,28247,California
Riverside,2021-01-08,4044,33753,2935,25329,1109,8424,0,0,2233,27224,1807,3256,2233,30480,California
Riverside,2021-01-09,2067,35820,843,26172,1224,9648,0,0,1721,28600,345,3601,1721,32201,California
Riverside,2021-01-10,1664,37484,735,26907,929,10577,0,0,1060,29056,604,4205,1060,33261,California
Riverside,2021-01-11,4519,42003,3099,30006,1420,11997,0,0,2784,30108,1733,5938,2785,36046,California
Riverside,2021-01-12,3402,45405,2729,32735,673,12670,0,0,1716,30143,1681,7619,1716,37762,California
Riverside,2021-01-13,4382,49787,2867,35602,1515,14185,0,0,2778,31320,1601,9220,2778,40540,California
Riverside,2021-01-14,5465,55252,1869,37471,3596,17781,0,0,4878,35611,587,9807,4878,45418,California
Riverside,2021-01-15,6146,61398,2094,39565,4052,21833,0,0,5858,41182,287,10094,5858,51276,California
Riverside,2021-01-16,3609,65007,1017,40582,2592,24425,0,0,3363,44300,246,10340,3364,54640,California
Riverside,2021-01-17,3593,68600,582,41164,3011,27436,0,0,3397,47502,195,10535,3397,58037,California
Riverside,2021-01-18,3721,72321,2019,43183,1702,29138,0,0,2716,49213,1005,11540,2716,60753,California
Riverside,2021-01-19,7405,79726,2638,45821,4767,33905,0,0,6288,54385,1117,12657,6289,67042,California
Riverside,2021-01-20,7959,87685,2872,48693,5087,38992,0,0,6477,59393,1473,14130,6481,73523,California
Riverside,2021-01-21,8225,95910,3385,52078,4840,43832,0,0,7608,66383,618,14748,7608,81131,California
Riverside,2021-01-22,8718,104628,2976,55054,5742,49574,0,0,8289,74246,427,15175,8290,89421,California
Riverside,2021-01-23,5924,110552,2392,57446,3532,53106,0,0,5196,78715,728,15903,5197,94618,California
Riverside,2021-01-24,3034,113586,1430,58876,1604,54710,0,0,2821,81327,210,16113,2822,97440,California
Riverside,2021-01-25,7878,121464,4537,63413,3341,58051,0,0,6752,86955,1125,17238,6753,104193,California
Riverside,2021-01-26,9118,130582,5731,69144,3387,61438,0,0,7609,93058,1507,18745,7610,111803,California
Riverside,2021-01-27,10858,141440,6374,75518,4484,65922,0,0,9290,100786,1565,20310,9293,121096,California
Riverside,2021-01-28,11425,152865,6724,82242,4701,70623,0,0,10267,109904,1150,21460,10268,131364,California
Riverside,2021-01-29,11901,164766,7256,89498,4645,75268,0,0,10532,119098,1342,22802,10536,141900,California
Riverside,2021-01-30,9051,173817,4607,94105,4444,79712,0,0,8588,127227,460,23262,8589,150489,California
Riverside,2021-01-31,5156,178973,4246,98351,910,80622,0,0,5024,132124,131,23393,5028,155517,California
Riverside,2021-02-01,10858,189831,6703,105054,4155,84777,0,0,9077,139429,1775,25168,9080,164597,California
Riverside,2021-02-02,9505,199336,4849,109903,4656,89433,0,0,8022,145978,1476,26644,8025,172622,California
Riverside,2021-02-03,11997,211333,4977,114880,7020,96453,0,0,9770,153531,2217,28861,9770,182392,California
Riverside,2021-02-04,13552,224885,6046,120926,7506,103959,0,0,11461,162910,2084,30945,11463,193855,California
Riverside,2021-02-05,14322,239207,5397,126323,8925,112884,0,0,11282,171165,3032,33977,11287,205142,California
Riverside,2021-02-06,7260,246467,4286,130609,2974,115858,0,0,5620,175156,1632,35609,5623,210765,California
Riverside,2021-02-07,2166,248633,795,131404,1371,117229,0,0,1850,176692,315,35924,1851,212616,California
Riverside,2021-02-08,12448,261081,5529,136933,6919,124148,0,0,10163,184591,2268,38192,10167,222783,California
Riverside,2021-02-09,9644,270725,4525,141458,5119,129267,0,0,7723,190406,1913,40105,7728,230511,California
Riverside,2021-02-10,12061,282786,6979,148437,5082,134349,0,0,8903,196171,3146,43251,8911,239422,California
Riverside,2021-02-11,16564,299350,9041,157478,7523,141872,0,0,12183,204010,4359,47610,12198,251620,California
Riverside,2021-02-12,17681,317031,10821,168299,6860,148732,0,0,12828,212042,4808,52418,12840,264460,California
Riverside,2021-02-13,6324,323355,2126,170425,4198,152930,0,0,3095,211947,3211,55629,3116,267576,California
Riverside,2021-02-14,4927,328282,1121,171546,3806,156736,0,0,2176,211377,2747,58376,2177,269753,California
Riverside,2021-02-15,9814,338096,4995,176541,4819,161555,0,0,5405,212388,4401,62777,5412,275165,California
Riverside,2021-02-16,16104,354200,10109,186650,5995,167550,0,0,9248,214795,6849,69626,9256,284421,California
Riverside,2021-02-17,15007,369207,8202,194852,6805,174355,0,0,7443,214697,7551,77177,7453,291874,California
Riverside,2021-02-18,15469,384676,8940,203792,6529,180884,0,0,8047,215353,7404,84581,8060,299934,California
Riverside,2021-02-19,15246,399922,8217,212009,7029,187913,0,0,7208,214550,8019,92600,7216,307150,California
Riverside,2021-02-20,8059,407981,4251,216260,3808,191721,0,0,2085,210681,5957,98557,2088,309238,California
Riverside,2021-02-21,3422,411403,2905,219165,517,192238,0,0,1027,209327,2381,100938,1027,310265,California
Riverside,2021-02-22,12326,423729,7738,226903,4588,196826,0,0,5096,207216,7212,108150,5101,315366,California
Riverside,2021-02-23,11083,434812,7553,234456,3530,200356,0,0,5386,206937,5669,113819,5390,320756,California
Riverside,2021-02-24,14792,449604,8096,242552,6696,207052,0,0,6298,204797,8455,122274,6315,327071,California
Riverside,2021-02-25,17304,466908,7377,249929,9927,216979,0,0,8036,203611,9247,131521,8061,335132,California
Riverside,2021-02-26,18581,485489,6708,256637,11873,228852,0,0,9282,203683,9242,140763,9314,344446,California
Riverside,2021-02-27,11374,496863,4909,261546,6465,235317,0,0,5674,203717,5666,146429,5700,350146,California
Riverside,2021-02-28,4618,501481,2954,264500,1664,236981,0,0,2372,203862,2234,148663,2379,352525,California
Riverside,2021-03-01,14300,515781,6091,270591,8208,245189,1,1,8428,206479,5839,154502,8456,360981,California
Riverside,2021-03-02,15272,531053,7437,278028,7834,253023,1,2,8969,209196,6280,160782,8997,369978,California
Riverside,2021-03-03,16838,547891,8334,286362,8504,261527,0,2,7277,207088,9512,170294,7404,377382,California
Riverside,2021-03-04,18686,566577,7433,293795,11249,272776,4,6,8877,206354,9765,180059,9031,386413,California
Riverside,2021-03-05,18704,585281,7501,301296,11159,283935,44,50,9258,206538,9395,189454,9579,395992,California
Riverside,2021-03-06,9395,594676,4971,306267,3945,287880,479,529,4658,206982,4723,194177,5167,401159,California
Riverside,2021-03-07,4168,598844,2695,308962,1085,288965,388,917,1957,207130,2201,196378,2349,403508,California
Riverside,2021-03-08,11917,610761,4734,313696,6778,295743,405,1322,5308,206298,6591,202969,5759,409267,California
Riverside,2021-03-09,14641,625402,6755,320451,7389,303132,497,1819,5776,203859,8847,211816,6408,415675,California
Riverside,2021-03-10,15597,640999,8377,328828,6342,309474,878,2697,6001,201330,9559,221375,7030,422705,California
Riverside,2021-03-11,19173,660172,9432,338260,7905,317379,1836,4533,7553,199344,11586,232961,9600,432305,California
Riverside,2021-03-12,21129,681301,7909,346169,8486,325865,4734,9267,7082,197475,14014,246975,12145,444450,California
Riverside,2021-03-13,8380,689681,2501,348670,4678,330543,1201,10468,4290,198975,4070,251045,5570,450020,California
Riverside,2021-03-14,4605,694286,1582,350252,1734,332277,1289,11757,2046,199758,2549,253594,3332,453352,California
Riverside,2021-03-15,18649,712935,7840,358092,9138,341415,1671,13428,9180,201278,9430,263024,10950,464302,California
Riverside,2021-03-16,20869,733804,10125,368217,9930,351345,814,14242,11369,204095,9460,272484,12277,476579,California
Riverside,2021-03-17,21244,755048,10893,379110,9302,360647,1049,15291,12760,209513,8452,280936,13870,490449,California
Riverside,2021-03-18,22534,777582,11713,390823,9168,369815,1653,16944,12507,213699,9982,290918,14168,504617,California
Riverside,2021-03-19,23996,801578,12573,403396,10475,380290,948,17892,14035,219135,9909,300827,15345,519962,California
Riverside,2021-03-20,10590,812168,6841,410237,2586,382876,1163,19055,6826,223388,3737,304564,7990,527952,California
Riverside,2021-03-21,3675,815843,2870,413107,552,383428,253,19308,2524,225028,1138,305702,2778,530730,California
Riverside,2021-03-22,16619,832462,9912,423019,6155,389583,552,19860,10596,230195,5978,311680,11145,541875,California
Riverside,2021-03-23,18526,850988,10483,433502,7621,397204,422,20282,11948,236054,6526,318206,12385,554260,California
Riverside,2021-03-24,18651,869639,10394,443896,8138,405342,119,20401,12832,243238,5773,323979,12957,567217,California
Riverside,2021-03-25,21071,890710,11635,455531,9258,414600,178,20579,14165,250748,6840,330819,14350,581567,California
Riverside,2021-03-26,24039,914749,11860,467391,12007,426607,172,20751,15007,256993,8937,339756,15182,596749,California
Riverside,2021-03-27,9250,923999,4855,472246,3340,429947,1055,21806,4786,258388,4446,344202,5841,602590,California
Riverside,2021-03-28,4721,928720,3104,475350,1525,431472,92,21898,2837,259444,1874,346076,2930,605520,California
Riverside,2021-03-29,17574,946294,8443,483793,9015,440487,116,22014,10929,263887,6612,352688,11055,616575,California
Riverside,2021-03-30,18288,964582,9526,493319,8558,449045,204,22218,11782,269406,6470,359158,11989,628564,California
Riverside,2021-03-31,17937,982519,8370,501689,9268,458313,299,22517,11401,274622,6494,365652,11710,640274,California
Riverside,2021-04-01,25278,1007797,12370,514059,12166,470479,742,23259,16374,282885,8852,374504,17115,657389,California
Riverside,2021-04-02,25958,1033755,14014,528073,11013,481492,931,24190,16331,290799,9575,384079,17489,674878,California
Riverside,2021-04-03,9217,1042972,5884,533957,2773,484265,560,24750,5985,294126,3217,387296,6544,681422,California
Riverside,2021-04-04,3345,1046317,2045,536002,1080,485345,220,24970,1749,294506,1590,388886,1970,683392,California
Riverside,2021-04-05,18225,1064542,9373,545375,7032,492377,1820,26790,9845,297827,8348,397234,11669,695061,California
Riverside,2021-04-06,23549,1088091,12238,557613,9220,501597,2091,28881,13107,302626,10396,407630,15195,710256,California
Riverside,2021-04-07,24459,1112550,13168,570781,8837,510434,2454,31335,13632,307927,10786,418416,16087,726343,California
Riverside,2021-04-08,26894,1139444,14802,585583,9174,519608,2918,34253,16406,316805,10430,428846,19308,745651,California
Riverside,2021-04-09,25945,1165389,15303,600886,8244,527852,2398,36651,15861,325043,10041,438887,18279,763930,California
Riverside,2021-04-10,11823,1177212,6700,607586,3743,531595,1380,38031,5138,324914,6643,445530,6514,770444,California
Riverside,2021-04-11,4542,1181754,2716,610302,1236,532831,590,38621,2153,325280,2377,447907,2743,773187,California
Riverside,2021-04-12,19934,1201688,8877,619179,8481,541312,2576,41197,10029,328020,9866,457773,12606,785793,California
Riverside,2021-04-13,19825,1221513,11105,630284,8695,550007,25,41222,11329,330920,8456,466229,11356,797149,California
Riverside,2021-04-14,21934,1243447,12077,642361,9842,559849,15,41237,10741,330546,11133,477362,10759,807908,California
Riverside,2021-04-15,21563,1265010,12116,654477,9440,569289,7,41244,11296,331646,10205,487567,11305,819213,California
Riverside,2021-04-16,24847,1289857,14390,668867,10451,579740,6,41250,11591,330047,13203,500770,11604,830817,California
Riverside,2021-04-17,9821,1299678,6477,675344,3344,583084,0,41250,4959,330165,4847,505617,4965,835782,California
Riverside,2021-04-18,3854,1303532,2809,678153,1038,584122,7,41257,1839,330011,2002,507619,1848,837630,California
Riverside,2021-04-19,19375,1322907,11531,689684,7842,591964,2,41259,6935,324552,12402,520021,6943,844573,California
Riverside,2021-04-20,18730,1341637,9867,699551,8854,600818,9,41268,7664,321200,11029,531050,7677,852250,California
Riverside,2021-04-21,19358,1360995,11036,710587,8315,609133,7,41275,7634,317178,11670,542720,7648,859898,California
Riverside,2021-04-22,22752,1383747,13137,723724,9612,618745,3,41278,8440,311378,14247,556967,8447,868345,California
Riverside,2021-04-23,22919,1406666,13483,737207,9422,628167,14,41292,8886,306303,13983,570950,8908,877253,California
Riverside,2021-04-24,10414,1417080,7274,744481,3138,631305,2,41294,4842,305609,5539,576489,4845,882098,California
Riverside,2021-04-25,4210,1421290,2825,747306,1385,632690,0,41294,2205,305824,1991,578480,2206,884304,California
Riverside,2021-04-26,15768,1437058,9983,757289,5744,638434,41,41335,5284,300700,10451,588931,5327,889631,California
Riverside,2021-04-27,16963,1454021,9606,766895,7201,645635,156,41491,5846,295627,11075,600006,6002,895633,California
Riverside,2021-04-28,15227,1469248,8134,775029,6866,652501,227,41718,5157,290991,10020,610026,5384,901017,California
Riverside,2021-04-29,14607,1483855,8566,783595,5764,658265,277,41995,4123,284954,10435,620461,4398,905415,California
Riverside,2021-04-30,13468,1497323,7829,791424,5518,663783,121,42116,3887,279405,9559,630020,4010,909425,California
Sacramento,2020-12-15,315,315,315,315,0,0,0,0,315,315,0,0,315,315,California
Sacramento,2020-12-16,643,958,643,958,0,0,0,0,643,958,0,0,643,958,California
Sacramento,2020-12-17,645,1603,645,1603,0,0,0,0,645,1603,0,0,645,1603,California
Sacramento,2020-12-18,972,2575,972,2575,0,0,0,0,972,2575,0,0,972,2575,California
Sacramento,2020-12-19,612,3187,612,3187,0,0,0,0,612,3187,0,0,612,3187,California
Sacramento,2020-12-20,633,3820,633,3820,0,0,0,0,633,3820,0,0,633,3820,California
Sacramento,2020-12-21,1677,5497,1677,5497,0,0,0,0,1678,5498,0,0,1678,5498,California
Sacramento,2020-12-22,2096,7593,2063,7560,33,33,0,0,2096,7594,0,0,2096,7594,California
Sacramento,2020-12-23,2249,9842,2081,9641,168,201,0,0,2249,9843,0,0,2249,9843,California
Sacramento,2020-12-24,1046,10888,835,10476,211,412,0,0,1046,10889,0,0,1046,10889,California
Sacramento,2020-12-25,1,10889,0,10476,1,413,0,0,1,10890,0,0,1,10890,California
Sacramento,2020-12-26,509,11398,291,10767,218,631,0,0,509,11399,0,0,509,11399,California
Sacramento,2020-12-27,351,11749,247,11014,104,735,0,0,351,11750,0,0,351,11750,California
Sacramento,2020-12-28,1903,13652,1324,12338,579,1314,0,0,1902,13651,1,1,1902,13652,California
Sacramento,2020-12-29,1951,15603,1188,13526,763,2077,0,0,1951,15602,0,1,1951,15603,California
Sacramento,2020-12-30,2556,18159,1454,14980,1102,3179,0,0,2557,18159,0,1,2557,18160,California
Sacramento,2020-12-31,1229,19388,695,15675,534,3713,0,0,1230,19389,0,1,1230,19390,California
Sacramento,2021-01-01,81,19469,70,15745,11,3724,0,0,81,19470,0,1,81,19471,California
Sacramento,2021-01-02,563,20032,362,16107,201,3925,0,0,563,20033,0,1,563,20034,California
Sacramento,2021-01-03,410,20442,221,16328,189,4114,0,0,410,20443,0,1,410,20444,California
Sacramento,2021-01-04,1958,22400,845,17173,1113,5227,0,0,1956,22398,1,2,1956,22400,California
Sacramento,2021-01-05,2212,24612,986,18159,1226,6453,0,0,1858,23909,354,356,1865,24265,California
Sacramento,2021-01-06,2734,27346,1621,19780,1113,7566,0,0,1959,25096,772,1128,1959,26224,California
Sacramento,2021-01-07,2826,30172,1503,21283,1323,8889,0,0,1967,26207,856,1984,1967,28191,California
Sacramento,2021-01-08,3299,33471,2094,23377,1205,10094,0,0,2262,27437,1033,3017,2263,30454,California
Sacramento,2021-01-09,1286,34757,797,24174,489,10583,0,0,896,27945,388,3405,896,31350,California
Sacramento,2021-01-10,1245,36002,710,24884,535,11118,0,0,774,28250,470,3875,775,32125,California
Sacramento,2021-01-11,4348,40350,2958,27842,1390,12508,0,0,2412,28739,1935,5810,2424,34549,California
Sacramento,2021-01-12,4395,44745,3033,30875,1362,13870,0,0,2428,29205,1966,7776,2432,36981,California
Sacramento,2021-01-13,3789,48534,2173,33048,1616,15486,0,0,2376,30170,1412,9188,2377,39358,California
Sacramento,2021-01-14,4620,53154,2367,35415,2253,17739,0,0,3697,32948,919,10107,3697,43055,California
Sacramento,2021-01-15,4420,57574,2263,37678,2157,19896,0,0,3698,35926,721,10828,3699,46754,California
Sacramento,2021-01-16,2089,59663,1291,38969,798,20694,0,0,1872,37581,217,11045,1872,48626,California
Sacramento,2021-01-17,1637,61300,951,39920,686,21380,0,0,1459,38865,178,11223,1462,50088,California
Sacramento,2021-01-18,2860,64160,1767,41687,1093,22473,0,0,2333,40673,526,11749,2334,52422,California
Sacramento,2021-01-19,4999,69159,3052,44739,1947,24420,0,0,3729,43134,1270,13019,3731,56153,California
Sacramento,2021-01-20,4780,73939,2825,47564,1955,26375,0,0,3562,45481,1220,14239,3567,59720,California
Sacramento,2021-01-21,5188,79127,2990,50554,2198,28573,0,0,4225,48750,957,15196,4226,63946,California
Sacramento,2021-01-22,4978,84105,2653,53207,2325,30898,0,0,4677,53128,300,15496,4678,68624,California
Sacramento,2021-01-23,3728,87833,1559,54766,2169,33067,0,0,3271,55942,457,15953,3271,71895,California
Sacramento,2021-01-24,1590,89423,995,55761,595,33662,0,0,1349,57051,241,16194,1350,73245,California
Sacramento,2021-01-25,4358,93781,2109,57870,2249,35911,0,0,2941,58577,1417,17611,2943,76188,California
Sacramento,2021-01-26,4722,98503,2135,60005,2587,38498,0,0,3520,60899,1200,18811,3522,79710,California
Sacramento,2021-01-27,5803,104306,3049,63054,2754,41252,0,0,4199,63499,1601,20412,4201,83911,California
Sacramento,2021-01-28,5359,109665,2707,65761,2652,43904,0,0,4265,66672,1093,21505,4266,88177,California
Sacramento,2021-01-29,5398,115063,2937,68698,2461,46365,0,0,4374,70031,1015,22520,4374,92551,California
Sacramento,2021-01-30,4513,119576,2208,70906,2305,48670,0,0,4078,73676,433,22953,4078,96629,California
Sacramento,2021-01-31,2299,121875,2005,72911,294,48964,0,0,2024,75429,273,23226,2026,98655,California
Sacramento,2021-02-01,5907,127782,3013,75924,2894,51858,0,0,4245,78016,1658,24884,4245,102900,California
Sacramento,2021-02-02,6927,134709,3759,79683,3168,55026,0,0,4846,80801,2063,26947,4848,107748,California
Sacramento,2021-02-03,7090,141799,3551,83234,3539,58565,0,0,5230,84183,1850,28797,5232,112980,California
Sacramento,2021-02-04,7711,149510,3633,86867,4078,62643,0,0,5495,87472,2206,31003,5495,118475,California
Sacramento,2021-02-05,7801,157311,4444,91311,3357,66000,0,0,4869,89435,2909,33912,4872,123347,California
Sacramento,2021-02-06,8429,165740,3447,94758,4982,70982,0,0,7101,95213,1324,35236,7102,130449,California
Sacramento,2021-02-07,4063,169803,2179,96937,1884,72866,0,0,2844,96848,1211,36447,2846,133295,California
Sacramento,2021-02-08,6196,175999,3200,100137,2996,75862,0,0,3887,98430,2305,38752,3887,137182,California
Sacramento,2021-02-09,6801,182800,3591,103728,3210,79072,0,0,4010,99659,2782,41534,4011,141193,California
Sacramento,2021-02-10,7657,190457,4173,107901,3484,82556,0,0,4532,101082,3111,44645,4534,145727,California
Sacramento,2021-02-11,9586,200043,5736,113637,3850,86406,0,0,5551,102613,4022,48667,5553,151280,California
Sacramento,2021-02-12,10644,210687,4140,117777,6504,92910,0,0,6394,104815,4195,52862,6397,157677,California
Sacramento,2021-02-13,7603,218290,2991,120768,4612,97522,0,0,6020,109254,1581,54443,6020,163697,California
Sacramento,2021-02-14,3126,221416,1933,122701,1193,98715,0,0,2070,110274,1054,55497,2074,165771,California
Sacramento,2021-02-15,5978,227394,2038,124739,3940,102655,0,0,4157,112619,1814,57311,4159,169930,California
Sacramento,2021-02-16,9019,236413,4200,128939,4819,107474,0,0,5291,114193,3721,61032,5295,175225,California
Sacramento,2021-02-17,8820,245233,4974,133913,3846,111320,0,0,5134,115655,3674,64706,5136,180361,California
Sacramento,2021-02-18,9524,254757,5712,139625,3812,115132,0,0,5749,117639,3768,68474,5752,186113,California
Sacramento,2021-02-19,9998,264755,6131,145756,3867,118999,0,0,5908,119475,4077,72551,5913,192026,California
Sacramento,2021-02-20,7349,272104,5368,151124,1981,120980,0,0,4297,120729,3044,75595,4298,196324,California
Sacramento,2021-02-21,2910,275014,2314,153438,596,121576,0,0,1015,119857,1887,77482,1015,197339,California
Sacramento,2021-02-22,6176,281190,3738,157176,2438,124014,0,0,2677,119050,3488,80970,2681,200020,California
Sacramento,2021-02-23,7125,288315,4429,161605,2696,126710,0,0,3467,118878,3643,84613,3471,203491,California
Sacramento,2021-02-24,9631,297946,5290,166895,4341,131051,0,0,5272,119813,4342,88955,5277,208768,California
Sacramento,2021-02-25,10087,308033,5403,172298,4684,135735,0,0,5585,120910,4488,93443,5585,214353,California
Sacramento,2021-02-26,13880,321913,6450,178748,7430,143165,0,0,9558,126181,4291,97734,9562,223915,California
Sacramento,2021-02-27,10790,332703,6712,185460,4075,147240,3,3,7932,131277,2840,100574,7936,231851,California
Sacramento,2021-02-28,5598,338301,2213,187673,3385,150625,0,3,2584,130862,3000,103574,2585,234436,California
Sacramento,2021-03-01,8008,346309,3442,191115,4566,155191,0,3,4325,131528,3661,107235,4327,238763,California
Sacramento,2021-03-02,9227,355536,4010,195125,5216,160407,1,4,5661,133642,3551,110786,5665,244428,California
Sacramento,2021-03-03,10896,366432,4993,200118,5900,166307,3,7,6497,135763,4381,115167,6502,250930,California
Sacramento,2021-03-04,13392,379824,6148,206266,7240,173547,4,11,7457,137325,5905,121072,7467,258397,California
Sacramento,2021-03-05,10555,390379,4876,211142,5649,179196,30,41,7016,140853,3518,124590,7046,265443,California
Sacramento,2021-03-06,8071,398450,3092,214234,4857,184053,122,163,4086,141092,3968,128558,4207,269650,California
Sacramento,2021-03-07,7575,406025,2188,216422,5302,189355,85,248,3723,141050,3848,132406,3806,273456,California
Sacramento,2021-03-08,9086,415111,4232,220654,4630,193985,224,472,5948,144095,3125,135531,6170,279626,California
Sacramento,2021-03-09,9526,424637,4524,225178,4729,198714,273,745,5482,145821,4029,139560,5755,285381,California
Sacramento,2021-03-10,11656,436293,7472,232650,3856,202570,328,1073,6814,148158,4807,144367,7144,292525,California
Sacramento,2021-03-11,13871,450164,8890,241540,4192,206762,789,1862,8236,151585,5597,149964,9024,301549,California
Sacramento,2021-03-12,17240,467404,8297,249837,8111,214873,832,2694,8138,151513,9050,159014,8978,310527,California
Sacramento,2021-03-13,12940,480344,3569,253406,8949,223822,422,3116,8146,155298,4781,163795,8566,319093,California
Sacramento,2021-03-14,8362,488706,3456,256862,4279,228101,627,3743,4474,156533,3865,167660,5100,324193,California
Sacramento,2021-03-15,12134,500840,4812,261674,6680,234781,642,4385,7066,159196,5047,172707,7710,331903,California
Sacramento,2021-03-16,13941,514781,6192,267866,7112,241893,637,5022,8611,163144,5297,178004,9245,341148,California
Sacramento,2021-03-17,13543,528324,6562,274428,6371,248264,610,5632,8725,167693,4791,182795,9340,350488,California
Sacramento,2021-03-18,14014,542338,6591,281019,6859,255123,564,6196,9284,172838,4701,187496,9846,360334,California
Sacramento,2021-03-19,15060,557398,7467,288486,6224,261347,1369,7565,7624,174419,7411,194907,8992,369326,California
Sacramento,2021-03-20,12883,570281,7528,296014,5016,266363,339,7904,8173,178254,4679,199586,8514,377840,California
Sacramento,2021-03-21,5597,575878,2751,298765,2807,269170,39,7943,4947,182604,638,200224,4988,382828,California
Sacramento,2021-03-22,9252,585130,4777,303542,3709,272879,766,8709,6263,186671,2963,203187,7030,389858,California
Sacramento,2021-03-23,11293,596423,6729,310271,3756,276635,808,9517,7305,190832,3951,207138,8112,397970,California
Sacramento,2021-03-24,11827,608250,7257,317528,3939,280574,631,10148,6740,193199,5006,212144,7373,405343,California
Sacramento,2021-03-25,12543,620793,6832,324360,4904,285478,807,10955,7293,196088,5207,217351,8096,413439,California
Sacramento,2021-03-26,17583,638376,8303,332663,8792,294270,488,11443,8613,196287,8904,226255,9103,422542,California
Sacramento,2021-03-27,9644,648020,3546,336209,5812,300082,286,11729,5208,197372,4405,230660,5490,428032,California
Sacramento,2021-03-28,6494,654514,3210,339419,3036,303118,248,11977,3127,197394,3357,234017,3379,431411,California
Sacramento,2021-03-29,10979,665493,5883,345302,4726,307844,370,12347,5216,197247,5735,239752,5588,436999,California
Sacramento,2021-03-30,11792,677285,6056,351358,5360,313204,376,12723,6043,197939,5726,245478,6418,443417,California
Sacramento,2021-03-31,13350,690635,7811,359169,5143,318347,396,13119,5651,196305,7675,253153,6041,449458,California
Sacramento,2021-04-01,15592,706227,8717,367886,6655,325002,220,13339,5879,192729,9681,262834,6105,455563,California
Sacramento,2021-04-02,16998,723225,9651,377537,6622,331624,725,14064,8954,194393,8017,270851,9681,465244,California
Sacramento,2021-04-03,10340,733565,6161,383698,3632,335256,547,14611,6352,197330,3960,274811,6897,472141,California
Sacramento,2021-04-04,3670,737235,1516,385214,1967,337223,187,14798,1435,196718,2231,277042,1619,473760,California
Sacramento,2021-04-05,11983,749218,7522,392736,3631,340854,830,15628,5354,196303,6595,283637,6180,479940,California
Sacramento,2021-04-06,15491,764709,8813,401549,5356,346210,1322,16950,6852,195867,8609,292246,8173,488113,California
Sacramento,2021-04-07,14679,779388,7945,409494,5157,351367,1577,18527,7131,197050,7516,299762,8699,496812,California
Sacramento,2021-04-08,14859,794247,6680,416174,5231,356598,2948,21475,5913,196984,8916,308678,8850,505662,California
Sacramento,2021-04-09,15762,810009,7653,423827,5946,362544,2163,23638,6113,195642,9612,318290,8270,513932,California
Sacramento,2021-04-10,11627,821636,3103,426930,7472,370016,1052,24690,4584,194252,7019,325309,5629,519561,California
Sacramento,2021-04-11,9478,831114,3089,430019,6167,376183,222,24912,2594,190206,6861,332170,2815,522376,California
Sacramento,2021-04-12,12845,843959,4972,434991,6014,382197,1859,26771,4910,189077,7886,340056,6757,529133,California
Sacramento,2021-04-13,14206,858165,7913,442904,6289,388486,4,26775,5559,186024,8620,348676,5567,534700,California
Sacramento,2021-04-14,14068,872233,7123,450027,6943,395429,2,26777,5094,182182,8942,357618,5100,539800,California
Sacramento,2021-04-15,15160,887393,7433,457460,7725,403154,2,26779,6329,179717,8799,366417,6334,546134,California
Sacramento,2021-04-16,15953,903346,8240,465700,7713,410867,0,26779,7080,177964,8835,375252,7082,553216,California
Sacramento,2021-04-17,11941,915287,4395,470095,7546,418413,0,26779,7902,181846,4023,379275,7905,561121,California
Sacramento,2021-04-18,7224,922511,1929,472024,5295,423708,0,26779,3439,181513,3773,383048,3440,564561,California
Sacramento,2021-04-19,10511,933022,5687,477711,4822,428530,2,26781,4714,180454,5777,388825,4718,569279,California
Sacramento,2021-04-20,11059,944081,6714,484425,4342,432872,3,26784,5895,181208,5148,393973,5902,575181,California
Sacramento,2021-04-21,11428,955509,6602,491027,4824,437696,2,26786,6215,182238,5188,399161,6218,581399,California
Sacramento,2021-04-22,12277,967786,7409,498436,4865,442561,3,26789,6632,183255,5620,404781,6637,588036,California
Sacramento,2021-04-23,13778,981564,8340,506776,5438,447999,0,26789,6337,182184,7409,412190,6338,594374,California
Sacramento,2021-04-24,11101,992665,6989,513765,4111,452110,1,26790,5735,182592,5329,417519,5737,600111,California
Sacramento,2021-04-25,7963,1000628,4475,518240,3488,455598,0,26790,4153,182948,3798,421317,4154,604265,California
Sacramento,2021-04-26,9803,1010431,6146,524386,3632,459230,25,26815,4464,182126,5312,426629,4490,608755,California
Sacramento,2021-04-27,11171,1021602,7353,531739,3698,462928,120,26935,5448,182000,5694,432323,5568,614323,California
Sacramento,2021-04-28,9441,1031043,5509,537248,3732,466660,200,27135,5067,182923,4350,436673,5273,619596,California
Sacramento,2021-04-29,7689,1038732,4813,542061,2598,469258,278,27413,3852,183237,3817,440490,4131,623727,California
Sacramento,2021-04-30,7239,1045971,3975,546036,3189,472447,75,27488,3435,182976,3773,444263,3512,627239,California
San Benito,2020-12-16,2,2,2,2,0,0,0,0,2,2,0,0,2,2,California
San Benito,2020-12-17,8,10,8,10,0,0,0,0,8,10,0,0,8,10,California
San Benito,2020-12-18,32,42,32,42,0,0,0,0,32,42,0,0,32,42,California
San Benito,2020-12-19,47,89,47,89,0,0,0,0,47,89,0,0,47,89,California
San Benito,2020-12-20,22,111,21,110,1,1,0,0,22,111,0,0,22,111,California
San Benito,2020-12-21,48,159,48,158,0,1,0,0,48,159,0,0,48,159,California
San Benito,2020-12-22,65,224,65,223,0,1,0,0,65,224,0,0,65,224,California
San Benito,2020-12-23,48,272,36,259,12,13,0,0,48,272,0,0,48,272,California
San Benito,2020-12-24,12,284,4,263,8,21,0,0,12,284,0,0,12,284,California
San Benito,2020-12-25,4,288,4,267,0,21,0,0,4,288,0,0,4,288,California
San Benito,2020-12-26,13,301,4,271,9,30,0,0,13,301,0,0,13,301,California
San Benito,2020-12-27,8,309,7,278,1,31,0,0,8,309,0,0,8,309,California
San Benito,2020-12-28,63,372,36,314,27,58,0,0,63,372,0,0,63,372,California
San Benito,2020-12-29,49,421,20,334,29,87,0,0,49,421,0,0,49,421,California
San Benito,2020-12-30,59,480,37,371,22,109,0,0,59,480,0,0,59,480,California
San Benito,2020-12-31,19,499,2,373,17,126,0,0,19,499,0,0,19,499,California
San Benito,2021-01-02,25,524,24,397,1,127,0,0,25,524,0,0,25,524,California
San Benito,2021-01-03,3,527,1,398,2,129,0,0,3,527,0,0,3,527,California
San Benito,2021-01-04,62,589,23,421,39,168,0,0,62,589,0,0,62,589,California
San Benito,2021-01-05,118,707,36,457,82,250,0,0,115,701,3,3,115,704,California
San Benito,2021-01-06,97,804,42,499,55,305,0,0,83,770,14,17,83,787,California
San Benito,2021-01-07,80,884,43,542,37,342,0,0,52,794,28,45,52,839,California
San Benito,2021-01-08,129,1013,66,608,63,405,0,0,86,837,43,88,86,925,California
San Benito,2021-01-09,43,1056,30,638,13,418,0,0,29,852,14,102,29,954,California
San Benito,2021-01-10,15,1071,13,651,2,420,0,0,5,847,10,112,5,959,California
San Benito,2021-01-11,102,1173,59,710,43,463,0,0,49,843,53,165,49,1008,California
San Benito,2021-01-12,156,1329,53,763,103,566,0,0,120,927,36,201,120,1128,California
San Benito,2021-01-13,190,1519,35,798,155,721,0,0,163,1063,27,228,163,1291,California
San Benito,2021-01-14,116,1635,23,821,93,814,0,0,99,1145,17,245,99,1390,California
San Benito,2021-01-15,215,1850,21,842,194,1008,0,0,201,1332,14,259,201,1591,California
San Benito,2021-01-16,27,1877,9,851,18,1026,0,0,21,1347,6,265,21,1612,California
San Benito,2021-01-17,11,1888,5,856,6,1032,0,0,8,1352,3,268,8,1620,California
San Benito,2021-01-18,36,1924,23,879,13,1045,0,0,21,1358,15,283,21,1641,California
San Benito,2021-01-19,151,2075,64,943,87,1132,0,0,125,1457,26,309,125,1766,California
San Benito,2021-01-20,261,2336,80,1023,181,1313,0,0,215,1627,45,354,215,1981,California
San Benito,2021-01-21,124,2460,31,1054,93,1406,0,0,100,1703,24,378,100,2081,California
San Benito,2021-01-22,231,2691,19,1073,212,1618,0,0,221,1914,10,388,221,2302,California
San Benito,2021-01-23,31,2722,17,1090,14,1632,0,0,13,1909,18,406,13,2315,California
San Benito,2021-01-24,11,2733,3,1093,8,1640,0,0,7,1912,4,410,7,2322,California
San Benito,2021-01-25,67,2800,25,1118,42,1682,0,0,22,1889,45,455,22,2344,California
San Benito,2021-01-26,134,2934,41,1159,93,1775,0,0,81,1917,53,508,81,2425,California
San Benito,2021-01-27,230,3164,69,1228,161,1936,0,0,190,2067,40,548,190,2615,California
San Benito,2021-01-28,155,3319,32,1260,123,2059,0,0,123,2159,31,579,123,2738,California
San Benito,2021-01-29,284,3603,31,1291,253,2312,0,0,261,2398,22,601,261,2999,California
San Benito,2021-01-30,50,3653,31,1322,19,2331,0,0,28,2404,22,623,28,3027,California
San Benito,2021-01-31,16,3669,5,1327,11,2342,0,0,11,2410,5,628,11,3038,California
San Benito,2021-02-01,133,3802,28,1355,105,2447,0,0,89,2455,44,672,89,3127,California
San Benito,2021-02-02,226,4028,49,1404,177,2624,0,0,136,2501,90,762,136,3263,California
San Benito,2021-02-03,336,4364,42,1446,294,2918,0,0,272,2709,64,826,272,3535,California
San Benito,2021-02-04,162,4526,24,1470,138,3056,0,0,118,2783,44,870,118,3653,California
San Benito,2021-02-05,289,4815,40,1510,249,3305,0,0,227,2948,62,932,227,3880,California
San Benito,2021-02-06,49,4864,9,1519,40,3345,0,0,32,2963,17,949,32,3912,California
San Benito,2021-02-07,15,4879,7,1526,8,3353,0,0,14,2976,1,950,14,3926,California
San Benito,2021-02-08,138,5017,15,1541,123,3476,0,0,92,3022,46,996,92,4018,California
San Benito,2021-02-09,326,5343,64,1605,262,3738,0,0,194,3084,132,1128,194,4212,California
San Benito,2021-02-10,319,5662,88,1693,231,3969,0,0,124,3014,194,1322,124,4336,California
San Benito,2021-02-11,296,5958,32,1725,264,4233,0,0,198,3114,98,1420,198,4534,California
San Benito,2021-02-12,412,6370,30,1755,382,4615,0,0,207,3117,204,1624,207,4741,California
San Benito,2021-02-13,57,6427,8,1763,49,4664,0,0,43,3146,14,1638,43,4784,California
San Benito,2021-02-14,40,6467,5,1768,35,4699,0,0,30,3166,10,1648,30,4814,California
San Benito,2021-02-15,106,6573,9,1777,97,4796,0,0,95,3250,11,1659,95,4909,California
San Benito,2021-02-16,205,6778,11,1788,194,4990,0,0,101,3247,104,1763,101,5010,California
San Benito,2021-02-17,327,7105,30,1818,297,5287,0,0,278,3476,49,1812,278,5288,California
San Benito,2021-02-18,293,7398,38,1856,255,5542,0,0,72,3327,221,2033,72,5360,California
San Benito,2021-02-19,342,7740,45,1901,297,5839,0,0,177,3339,165,2198,177,5537,California
San Benito,2021-02-20,45,7785,26,1927,19,5858,0,0,36,3366,9,2207,36,5573,California
San Benito,2021-02-21,23,7808,8,1935,15,5873,0,0,14,3371,9,2216,14,5587,California
San Benito,2021-02-22,132,7940,36,1971,96,5969,0,0,98,3436,33,2249,98,5685,California
San Benito,2021-02-23,374,8314,92,2063,282,6251,0,0,262,3586,112,2361,262,5947,California
San Benito,2021-02-24,376,8690,63,2126,313,6564,0,0,236,3682,140,2501,236,6183,California
San Benito,2021-02-25,392,9082,63,2189,329,6893,0,0,271,3830,123,2624,271,6454,California
San Benito,2021-02-26,640,9722,72,2261,568,7461,0,0,397,3984,243,2867,397,6851,California
San Benito,2021-02-27,98,9820,36,2297,62,7523,0,0,83,4052,15,2882,83,6934,California
San Benito,2021-02-28,248,10068,24,2321,224,7747,0,0,239,4282,9,2891,239,7173,California
San Benito,2021-03-01,224,10292,59,2380,165,7912,0,0,155,4367,70,2961,155,7328,California
San Benito,2021-03-02,275,10567,90,2470,185,8097,0,0,205,4502,70,3031,205,7533,California
San Benito,2021-03-03,392,10959,58,2528,334,8431,0,0,216,4544,174,3205,216,7749,California
San Benito,2021-03-04,610,11569,124,2652,471,8902,15,15,429,4796,181,3386,433,8182,California
San Benito,2021-03-05,582,12151,305,2957,264,9166,13,28,373,4974,208,3594,386,8568,California
San Benito,2021-03-06,190,12341,66,3023,110,9276,14,42,139,5076,51,3645,153,8721,California
San Benito,2021-03-07,647,12988,603,3626,22,9298,22,64,615,5681,32,3677,637,9358,California
San Benito,2021-03-08,288,13276,65,3691,177,9475,46,110,167,5773,121,3798,213,9571,California
San Benito,2021-03-09,423,13699,84,3775,240,9715,99,209,137,5697,285,4083,209,9780,California
San Benito,2021-03-10,402,14101,114,3889,193,9908,95,304,232,5854,170,4253,327,10107,California
San Benito,2021-03-11,467,14568,119,4008,196,10104,152,456,206,5951,261,4514,358,10465,California
San Benito,2021-03-12,511,15079,117,4125,300,10404,94,550,229,5995,280,4794,324,10789,California
San Benito,2021-03-13,202,15281,102,4227,82,10486,18,568,128,6070,71,4865,146,10935,California
San Benito,2021-03-14,232,15513,40,4267,172,10658,20,588,180,6219,51,4916,200,11135,California
San Benito,2021-03-15,325,15838,100,4367,206,10864,19,607,191,6295,134,5050,210,11345,California
San Benito,2021-03-16,496,16334,218,4585,247,11111,31,638,349,6527,147,5197,379,11724,California
San Benito,2021-03-17,785,17119,475,5060,289,11400,21,659,559,6877,222,5419,572,12296,California
San Benito,2021-03-18,786,17905,524,5584,207,11607,55,714,572,7283,212,5631,618,12914,California
San Benito,2021-03-19,777,18682,404,5988,350,11957,23,737,577,7683,200,5831,600,13514,California
San Benito,2021-03-20,239,18921,147,6135,80,12037,12,749,183,7822,56,5887,195,13709,California
San Benito,2021-03-21,108,19029,56,6191,47,12084,5,754,81,7881,27,5914,86,13795,California
San Benito,2021-03-22,344,19373,171,6362,148,12232,25,779,221,8004,123,6037,246,14041,California
San Benito,2021-03-23,475,19848,197,6559,268,12500,10,789,215,7968,260,6297,224,14265,California
San Benito,2021-03-24,575,20423,305,6864,263,12763,7,796,360,8121,214,6511,367,14632,California
San Benito,2021-03-25,741,21164,440,7304,297,13060,4,800,443,8273,295,6806,447,15079,California
San Benito,2021-03-26,999,22163,517,7821,479,13539,3,803,331,7940,667,7473,334,15413,California
San Benito,2021-03-27,332,22495,184,8005,115,13654,33,836,215,8072,116,7589,248,15661,California
San Benito,2021-03-28,692,23187,570,8575,117,13771,5,841,126,7637,566,8155,131,15792,California
San Benito,2021-03-29,344,23531,110,8685,214,13985,20,861,149,7610,195,8350,168,15960,California
San Benito,2021-03-30,571,24102,268,8953,209,14194,94,955,288,7709,283,8633,382,16342,California
San Benito,2021-03-31,582,24684,356,9309,202,14396,24,979,335,7823,245,8878,359,16701,California
San Benito,2021-04-01,930,25614,372,9681,520,14916,38,1017,554,8034,375,9253,586,17287,California
San Benito,2021-04-02,540,26154,264,9945,141,15057,135,1152,267,8163,273,9526,402,17689,California
San Benito,2021-04-03,252,26406,87,10032,103,15160,62,1214,74,8121,178,9704,136,17825,California
San Benito,2021-04-04,143,26549,108,10140,30,15190,5,1219,106,8195,37,9741,111,17936,California
San Benito,2021-04-05,351,26900,171,10311,138,15328,42,1261,143,8171,208,9949,184,18120,California
San Benito,2021-04-06,457,27357,157,10468,126,15454,174,1435,157,8202,300,10249,331,18451,California
San Benito,2021-04-07,922,28279,520,10988,212,15666,190,1625,253,7977,668,10917,443,18894,California
San Benito,2021-04-08,847,29126,425,11413,172,15838,250,1875,215,7811,631,11548,465,19359,California
San Benito,2021-04-09,838,29964,497,11910,250,16088,91,1966,289,7642,549,12097,380,19739,California
San Benito,2021-04-10,319,30283,191,12101,71,16159,57,2023,174,7728,145,12242,231,19970,California
San Benito,2021-04-11,469,30752,269,12370,167,16326,33,2056,243,7777,226,12468,275,20245,California
San Benito,2021-04-12,523,31275,283,12653,129,16455,111,2167,272,7907,250,12718,380,20625,California
San Benito,2021-04-13,752,32027,290,12943,439,16894,23,2190,523,8226,228,12946,547,21172,California
San Benito,2021-04-14,836,32863,658,13601,178,17072,0,2190,401,8197,430,13376,401,21573,California
San Benito,2021-04-15,928,33791,720,14321,207,17279,1,2191,458,8187,469,13845,459,22032,California
San Benito,2021-04-16,694,34485,363,14684,322,17601,9,2200,291,8087,400,14245,300,22332,California
San Benito,2021-04-17,312,34797,227,14911,85,17686,0,2200,127,8029,185,14430,127,22459,California
San Benito,2021-04-18,491,35288,410,15321,81,17767,0,2200,241,8021,250,14680,242,22701,California
San Benito,2021-04-19,727,36015,586,15907,141,17908,0,2200,411,8118,315,14995,412,23113,California
San Benito,2021-04-20,746,36761,398,16305,347,18255,1,2201,475,8327,266,15261,475,23588,California
San Benito,2021-04-21,954,37715,703,17008,251,18506,0,2201,522,8431,418,15679,522,24110,California
San Benito,2021-04-22,890,38605,688,17696,202,18708,0,2201,565,8679,317,15996,565,24675,California
San Benito,2021-04-23,623,39228,394,18090,228,18936,1,2202,338,8782,236,16232,339,25014,California
San Benito,2021-04-24,347,39575,196,18286,151,19087,0,2202,158,8791,149,16381,158,25172,California
San Benito,2021-04-25,196,39771,119,18405,77,19164,0,2202,85,8784,92,16473,85,25257,California
San Benito,2021-04-26,457,40228,361,18766,96,19260,0,2202,239,8865,158,16631,239,25496,California
San Benito,2021-04-27,514,40742,257,19023,250,19510,7,2209,389,9146,115,16746,396,25892,California
San Benito,2021-04-28,499,41241,351,19374,139,19649,9,2218,344,9348,150,16896,352,26244,California
San Benito,2021-04-29,471,41712,127,19501,334,19983,10,2228,148,9198,323,17219,173,26417,California
San Benito,2021-04-30,228,41940,131,19632,95,20078,2,2230,140,9254,86,17305,142,26559,California
San Bernardino,2020-12-15,13,13,13,13,0,0,0,0,13,13,0,0,13,13,California
San Bernardino,2020-12-16,107,120,107,120,0,0,0,0,107,120,0,0,107,120,California
San Bernardino,2020-12-17,2352,2472,2352,2472,0,0,0,0,2352,2472,0,0,2352,2472,California
San Bernardino,2020-12-18,3144,5616,3141,5613,3,3,0,0,3145,5617,0,0,3145,5617,California
San Bernardino,2020-12-19,1070,6686,1069,6682,1,4,0,0,1071,6688,0,0,1071,6688,California
San Bernardino,2020-12-20,1174,7860,1172,7854,2,6,0,0,1174,7862,0,0,1174,7862,California
San Bernardino,2020-12-21,2452,10312,2447,10301,5,11,0,0,2452,10314,0,0,2452,10314,California
San Bernardino,2020-12-22,2269,12581,2143,12444,126,137,0,0,2270,12584,0,0,2270,12584,California
San Bernardino,2020-12-23,2648,15229,1455,13899,1193,1330,0,0,2647,15231,0,0,2647,15231,California
San Bernardino,2020-12-24,1157,16386,582,14481,575,1905,0,0,1159,16390,0,0,1159,16390,California
San Bernardino,2020-12-25,74,16460,14,14495,60,1965,0,0,74,16464,0,0,74,16464,California
San Bernardino,2020-12-26,462,16922,254,14749,208,2173,0,0,462,16926,0,0,462,16926,California
San Bernardino,2020-12-27,343,17265,160,14909,183,2356,0,0,343,17269,0,0,343,17269,California
San Bernardino,2020-12-28,1567,18832,712,15621,855,3211,0,0,1568,18837,0,0,1568,18837,California
San Bernardino,2020-12-29,2211,21043,1042,16663,1169,4380,0,0,2211,21048,0,0,2211,21048,California
San Bernardino,2020-12-30,2895,23938,1459,18122,1436,5816,0,0,2896,23944,0,0,2896,23944,California
San Bernardino,2020-12-31,1358,25296,440,18562,918,6734,0,0,1356,25300,0,0,1356,25300,California
San Bernardino,2021-01-01,281,25577,150,18712,131,6865,0,0,280,25580,0,0,280,25580,California
San Bernardino,2021-01-02,475,26052,338,19050,137,7002,0,0,475,26055,0,0,475,26055,California
San Bernardino,2021-01-03,135,26187,85,19135,50,7052,0,0,135,26190,0,0,135,26190,California
San Bernardino,2021-01-04,2120,28307,1287,20422,833,7885,0,0,2119,28309,0,0,2119,28309,California
San Bernardino,2021-01-05,2331,30638,1460,21882,871,8756,0,0,2221,30421,109,109,2221,30530,California
San Bernardino,2021-01-06,3431,34069,2352,24234,1079,9835,0,0,2937,32871,488,597,2938,33468,California
San Bernardino,2021-01-07,5415,39484,4503,28737,912,10747,0,0,2482,32439,2914,3511,2482,35950,California
San Bernardino,2021-01-08,5366,44850,4445,33182,921,11668,0,0,2290,31658,3072,6583,2291,38241,California
San Bernardino,2021-01-09,1398,46248,1099,34281,299,11967,0,0,902,32064,496,7079,902,39143,California
San Bernardino,2021-01-10,1021,47269,597,34878,424,12391,0,0,574,32191,447,7526,574,39717,California
San Bernardino,2021-01-11,4979,52248,4074,38952,905,13296,0,0,2765,32745,2211,9737,2765,42482,California
San Bernardino,2021-01-12,4229,56477,3218,42170,1011,14307,0,0,2516,33549,1712,11449,2516,44998,California
San Bernardino,2021-01-13,4554,61031,2849,45019,1705,16012,0,0,3331,35671,1210,12659,3332,48330,California
San Bernardino,2021-01-14,4747,65778,2776,47795,1971,17983,0,0,4164,39256,579,13238,4164,52494,California
San Bernardino,2021-01-15,5980,71758,2976,50771,3004,20987,0,0,5584,44457,386,13624,5587,58081,California
San Bernardino,2021-01-16,2258,74016,1293,52064,965,21952,0,0,2116,46431,142,13766,2116,60197,California
San Bernardino,2021-01-17,1188,75204,514,52578,674,22626,0,0,1098,47442,89,13855,1100,61297,California
San Bernardino,2021-01-18,4269,79473,2639,55217,1630,24256,0,0,3648,50473,620,14475,3651,64948,California
San Bernardino,2021-01-19,6303,85776,3708,58925,2595,26851,0,0,5212,54598,1089,15564,5214,70162,California
San Bernardino,2021-01-20,6802,92578,3735,62660,3067,29918,0,0,4873,57552,1921,17485,4875,75037,California
San Bernardino,2021-01-21,5978,98556,3077,65737,2901,32819,0,0,4862,61310,1107,18592,4865,79902,California
San Bernardino,2021-01-22,6502,105058,3034,68771,3468,36287,0,0,5781,66373,719,19311,5782,85684,California
San Bernardino,2021-01-23,3106,108164,1890,70661,1216,37503,0,0,2718,68704,387,19698,2718,88402,California
San Bernardino,2021-01-24,1195,109359,462,71123,733,38236,0,0,1094,69697,101,19799,1094,89496,California
San Bernardino,2021-01-25,6868,116227,3396,74519,3472,41708,0,0,5019,72872,1847,21646,5022,94518,California
San Bernardino,2021-01-26,7105,123332,3568,78087,3537,45245,0,0,5008,75784,2097,23743,5009,99527,California
San Bernardino,2021-01-27,8396,131728,4146,82233,4250,49495,0,0,5692,78780,2696,26439,5692,105219,California
San Bernardino,2021-01-28,8585,140313,4079,86312,4506,54001,0,0,6260,82720,2320,28759,6260,111479,California
San Bernardino,2021-01-29,8179,148492,3768,90080,4411,58412,0,0,6212,86980,1953,30712,6213,117692,California
San Bernardino,2021-01-30,3090,151582,1901,91981,1189,59601,0,0,2804,89499,285,30997,2804,120496,California
San Bernardino,2021-01-31,922,152504,493,92474,429,60030,0,0,868,90314,53,31050,868,121364,California
San Bernardino,2021-02-01,7542,160046,4231,96705,3311,63341,0,0,4926,92627,2613,33663,4926,126290,California
San Bernardino,2021-02-02,10404,170450,3651,100356,6753,70094,0,0,8357,98942,2043,35706,8358,134648,California
San Bernardino,2021-02-03,8980,179430,4146,104502,4834,74928,0,0,6490,102951,2482,38188,6491,141139,California
San Bernardino,2021-02-04,10507,189937,5191,109693,5316,80244,0,0,7436,107327,3060,41248,7436,148575,California
San Bernardino,2021-02-05,10984,200921,5911,115604,5073,85317,0,0,7460,111275,3513,44761,7461,156036,California
San Bernardino,2021-02-06,5252,206173,2205,117809,3047,88364,0,0,3616,113283,1611,46372,3619,159655,California
San Bernardino,2021-02-07,843,207016,490,118299,353,88717,0,0,466,113376,374,46746,467,160122,California
San Bernardino,2021-02-08,7275,214291,3878,122177,3397,92114,0,0,5608,117320,1664,48410,5608,165730,California
San Bernardino,2021-02-09,9897,224188,5813,127990,4084,96198,0,0,6672,120772,3223,51633,6675,172405,California
San Bernardino,2021-02-10,12005,236193,6531,134521,5474,101672,0,0,7839,124457,4155,55788,7840,180245,California
San Bernardino,2021-02-11,12329,248522,7108,141629,5221,106893,0,0,7884,127922,4422,60210,7887,188132,California
San Bernardino,2021-02-12,10344,258866,5927,147556,4417,111310,0,0,5689,128971,4640,64850,5689,193821,California
San Bernardino,2021-02-13,6020,264886,4001,151557,2019,113329,0,0,3782,130536,2222,67072,3787,197608,California
San Bernardino,2021-02-14,1549,266435,650,152207,899,114228,0,0,871,130737,670,67742,871,198479,California
San Bernardino,2021-02-15,5454,271889,2994,155201,2460,116688,0,0,3054,131405,2386,70128,3054,201533,California
San Bernardino,2021-02-16,12591,284480,7370,162571,5221,121909,0,0,7967,134762,4611,74739,7968,209501,California
San Bernardino,2021-02-17,11778,296258,6451,169022,5327,127236,0,0,7136,137275,4625,79364,7138,216639,California
San Bernardino,2021-02-18,12453,308711,7589,176611,4864,132100,0,0,7707,140252,4731,84095,7708,224347,California
San Bernardino,2021-02-19,11471,320182,5909,182520,5562,137662,0,0,6780,142359,4673,88768,6780,231127,California
San Bernardino,2021-02-20,4496,324678,3449,185969,1047,138709,0,0,2039,141944,2455,91223,2040,233167,California
San Bernardino,2021-02-21,1022,325700,567,186536,455,139164,0,0,326,141574,696,91919,326,233493,California
San Bernardino,2021-02-22,8618,334318,5319,191855,3299,142463,0,0,4028,141024,4579,96498,4029,237522,California
San Bernardino,2021-02-23,9086,343404,5417,197272,3669,146132,0,0,4570,141108,4486,100984,4570,242092,California
San Bernardino,2021-02-24,12343,355747,7144,204416,5199,151331,0,0,6080,140951,6238,107222,6081,248173,California
San Bernardino,2021-02-25,12985,368732,6263,210679,6722,158053,0,0,7555,143097,5412,112634,7558,255731,California
San Bernardino,2021-02-26,13542,382274,6370,217049,7172,165225,0,0,7539,144697,5942,118576,7542,263273,California
San Bernardino,2021-02-27,6604,388878,3673,220722,2930,168155,1,1,4785,147674,1809,120385,4786,268059,California
San Bernardino,2021-02-28,1734,390612,707,221429,1027,169182,0,1,1121,148187,608,120993,1121,269180,California
San Bernardino,2021-03-01,8387,398999,4323,225752,4062,173244,2,3,3820,147472,4545,125538,3830,273010,California
San Bernardino,2021-03-02,13631,412630,5353,231105,8278,181522,0,3,6419,146708,7186,132724,6422,279432,California
San Bernardino,2021-03-03,12653,425283,6429,237534,6222,187744,2,5,5864,145809,6770,139494,5871,285303,California
San Bernardino,2021-03-04,13650,438933,6858,244392,6792,194536,0,5,5930,144043,7699,147193,5933,291236,California
San Bernardino,2021-03-05,14140,453073,7310,251702,6829,201365,1,6,6838,143627,7273,154466,6857,298093,California
San Bernardino,2021-03-06,9558,462631,5310,257012,4033,205398,215,221,4441,143180,5102,159568,4655,302748,California
San Bernardino,2021-03-07,1569,464200,925,257937,589,205987,55,276,999,143666,568,160136,1054,303802,California
San Bernardino,2021-03-08,7962,472162,3493,261430,4309,210296,160,436,3505,142883,4451,164587,3668,307470,California
San Bernardino,2021-03-09,12591,484753,7025,268455,5322,215618,244,680,4858,140266,7720,172307,5103,312573,California
San Bernardino,2021-03-10,13980,498733,7677,276132,5774,221392,529,1209,6185,139216,7769,180076,6719,319292,California
San Bernardino,2021-03-11,15210,513943,7120,283252,6536,227928,1554,2763,7256,140088,7934,188010,8806,328098,California
San Bernardino,2021-03-12,15248,529191,6796,290048,6415,234343,2037,4800,7275,141501,7945,195955,9358,337456,California
San Bernardino,2021-03-13,8271,537462,4494,294542,3267,237610,510,5310,4899,143549,3362,199317,5410,342866,California
San Bernardino,2021-03-14,3213,540675,1609,296151,1032,238642,572,5882,1835,144578,1372,200689,2401,345267,California
San Bernardino,2021-03-15,11311,551986,5322,301473,3965,242607,2024,7906,5541,146379,5761,206450,7562,352829,California
San Bernardino,2021-03-16,16071,568057,7972,309445,7155,249762,944,8850,9821,150915,6226,212676,10762,363591,California
San Bernardino,2021-03-17,17059,585116,8573,318018,7738,257500,748,9598,10268,155158,6774,219450,11017,374608,California
San Bernardino,2021-03-18,16455,601571,8166,326184,7904,265404,385,9983,9731,158576,6698,226148,10116,384724,California
San Bernardino,2021-03-19,16797,618368,8330,334514,7880,273284,587,10570,9629,161702,7144,233292,10270,394994,California
San Bernardino,2021-03-20,9373,627741,5910,340424,2879,276163,584,11154,5563,164060,3786,237078,6144,401138,California
San Bernardino,2021-03-21,2749,630490,2238,342662,464,276627,47,11201,2228,165826,509,237587,2275,403413,California
San Bernardino,2021-03-22,9557,640047,4490,347152,4633,281260,434,11635,6936,170591,2605,240192,7370,410783,California
San Bernardino,2021-03-23,15421,655468,8743,355895,6056,287316,622,12257,9647,175105,5754,245946,10268,421051,California
San Bernardino,2021-03-24,14994,670462,7765,363660,6930,294246,299,12556,9989,180423,4971,250917,10289,431340,California
San Bernardino,2021-03-25,16885,687347,8286,371946,8303,302549,296,12852,10730,185336,6109,257026,11022,442362,California
San Bernardino,2021-03-26,17898,705245,8581,380527,8550,311099,767,13619,10877,189988,6992,264018,11644,454006,California
San Bernardino,2021-03-27,10703,715948,6891,387418,3063,314162,749,14368,6142,192333,4545,268563,6890,460896,California
San Bernardino,2021-03-28,3526,719474,2473,389891,940,315102,113,14481,2489,193904,1030,269593,2601,463497,California
San Bernardino,2021-03-29,11618,731092,6065,395956,5156,320258,397,14878,7928,198555,3674,273267,8325,471822,California
San Bernardino,2021-03-30,16772,747864,9409,405365,6656,326914,707,15585,10791,204099,5948,279215,11492,483314,California
San Bernardino,2021-03-31,16140,764004,9136,414501,6397,333311,607,16192,10818,210224,5298,284513,11423,494737,California
San Bernardino,2021-04-01,19390,783394,10237,424738,7798,341109,1355,17547,12515,217244,6842,291355,13862,508599,California
San Bernardino,2021-04-02,18541,801935,9322,434060,7950,349059,1269,18816,11234,222506,7281,298636,12543,521142,California
San Bernardino,2021-04-03,10913,812848,6823,440883,2967,352026,1123,19939,5977,224683,4920,303556,7097,528239,California
San Bernardino,2021-04-04,2452,815300,1485,442368,720,352746,247,20186,1258,224998,1189,304745,1504,529743,California
San Bernardino,2021-04-05,11671,826971,5237,447605,4709,357455,1725,21911,5982,227034,5668,310413,7704,537447,California
San Bernardino,2021-04-06,19569,846540,10999,458604,6481,363936,2089,24000,10387,230363,9145,319558,12474,549921,California
San Bernardino,2021-04-07,20711,867251,11068,469672,7196,371132,2447,26447,11331,234776,9353,328911,13766,563687,California
San Bernardino,2021-04-08,21554,888805,11040,480712,7925,379057,2589,29036,11932,239699,9593,338504,14516,578203,California
San Bernardino,2021-04-09,21435,910240,10877,491589,8024,387081,2534,31570,11677,244177,9725,348229,14203,592406,California
San Bernardino,2021-04-10,15508,925748,8040,499629,3792,390873,3676,35246,7713,247783,7774,356003,11380,603786,California
San Bernardino,2021-04-11,4374,930122,2553,502182,882,391755,939,36185,2025,248402,2343,358346,2962,606748,California
San Bernardino,2021-04-12,13258,943380,6144,508326,5484,397239,1630,37815,6275,249341,6964,365310,7903,614651,California
San Bernardino,2021-04-13,19131,962511,10919,519245,8194,405433,18,37833,10959,252171,8148,373458,10978,625629,California
San Bernardino,2021-04-14,18931,981442,10241,529486,8687,414120,3,37836,10831,254935,8071,381529,10835,636464,California
San Bernardino,2021-04-15,19963,1001405,11156,540642,8802,422922,5,37841,10628,256272,9299,390828,10636,647100,California
San Bernardino,2021-04-16,18418,1019823,10495,551137,7922,430844,1,37842,9123,256138,9257,400085,9123,656223,California
San Bernardino,2021-04-17,11830,1031653,7818,558955,4012,434856,0,37842,6218,256773,5583,405668,6218,662441,California
San Bernardino,2021-04-18,2870,1034523,1966,560921,904,435760,0,37842,1309,256533,1549,407217,1309,663750,California
San Bernardino,2021-04-19,12406,1046929,6614,567535,5792,441552,0,37842,4802,253755,7584,414801,4806,668556,California
San Bernardino,2021-04-20,17453,1064382,9755,577290,7695,449247,3,37845,8002,252329,9431,424232,8005,676561,California
San Bernardino,2021-04-21,17838,1082220,10269,587559,7567,456814,2,37847,7941,250427,9845,434077,7943,684504,California
San Bernardino,2021-04-22,18892,1101112,10785,598344,8103,464917,4,37851,7802,247193,11040,445117,7806,692310,California
San Bernardino,2021-04-23,18106,1119218,10320,608664,7784,472701,2,37853,7909,244954,10152,455269,7913,700223,California
San Bernardino,2021-04-24,12753,1131971,9440,618104,3311,476012,2,37855,6886,245993,5849,461118,6888,707111,California
San Bernardino,2021-04-25,3406,1135377,2236,620340,1170,477182,0,37855,1692,245985,1701,462819,1693,708804,California
San Bernardino,2021-04-26,9966,1145343,5319,625659,4560,481742,87,37942,4271,244679,5663,468482,4357,713161,California
San Bernardino,2021-04-27,15352,1160695,9180,634839,6006,487748,166,38108,6253,242039,9059,477541,6419,719580,California
San Bernardino,2021-04-28,13722,1174417,8182,643021,5277,493025,263,38371,4935,238474,8761,486302,5196,724776,California
San Bernardino,2021-04-29,12063,1186480,6308,649329,5517,498542,238,38609,4104,234889,7925,494227,4340,729116,California
San Bernardino,2021-04-30,11665,1198145,7710,657039,3816,502358,139,38748,3843,231079,7789,502016,3979,733095,California
San Diego,2020-12-15,119,119,119,119,0,0,0,0,119,119,0,0,119,119,California
San Diego,2020-12-16,1102,1221,1102,1221,0,0,0,0,1102,1221,0,0,1102,1221,California
San Diego,2020-12-17,2349,3570,2349,3570,0,0,0,0,2349,3570,0,0,2349,3570,California
San Diego,2020-12-18,3671,7241,3670,7240,1,1,0,0,3671,7241,0,0,3671,7241,California
San Diego,2020-12-19,2310,9551,2310,9550,0,1,0,0,2310,9551,0,0,2310,9551,California
San Diego,2020-12-20,1184,10735,1183,10733,1,2,0,0,1184,10735,0,0,1184,10735,California
San Diego,2020-12-21,3524,14259,3523,14256,1,3,0,0,3524,14259,0,0,3524,14259,California
San Diego,2020-12-22,4057,18316,3414,17670,643,646,0,0,4057,18316,0,0,4057,18316,California
San Diego,2020-12-23,3178,21494,1975,19645,1203,1849,0,0,3178,21494,0,0,3178,21494,California
San Diego,2020-12-24,2738,24232,2220,21865,518,2367,0,0,2738,24232,0,0,2738,24232,California
San Diego,2020-12-25,874,25106,873,22738,1,2368,0,0,874,25106,0,0,874,25106,California
San Diego,2020-12-26,3295,28401,2144,24882,1151,3519,0,0,3295,28401,0,0,3295,28401,California
San Diego,2020-12-27,2508,30909,1617,26499,891,4410,0,0,2507,30907,1,1,2507,30908,California
San Diego,2020-12-28,5901,36810,4213,30712,1688,6098,0,0,5901,36808,0,1,5901,36809,California
San Diego,2020-12-29,5591,42401,3015,33727,2576,8674,0,0,5591,42399,0,1,5591,42400,California
San Diego,2020-12-30,5952,48353,3107,36834,2845,11519,0,0,5952,48351,0,1,5952,48352,California
San Diego,2020-12-31,3037,51390,1053,37887,1984,13503,0,0,3037,51388,0,1,3037,51389,California
San Diego,2021-01-01,1006,52396,452,38339,554,14057,0,0,1005,52393,0,1,1005,52394,California
San Diego,2021-01-02,3762,56158,1320,39659,2442,16499,0,0,3762,56155,0,1,3762,56156,California
San Diego,2021-01-03,859,57017,632,40291,227,16726,0,0,858,57013,0,1,858,57014,California
San Diego,2021-01-04,3703,60720,2052,42343,1651,18377,0,0,3696,60709,0,1,3696,60710,California
San Diego,2021-01-05,4309,65029,2121,44464,2188,20565,0,0,3692,63800,613,614,3704,64414,California
San Diego,2021-01-06,4946,69975,2299,46763,2647,23212,0,0,3711,66303,1212,1826,3715,68129,California
San Diego,2021-01-07,5609,75584,2982,49745,2627,25839,0,0,3453,67613,2149,3975,3459,71588,California
San Diego,2021-01-08,7721,83305,4958,54703,2763,28602,0,0,3935,67795,3769,7744,3951,75539,California
San Diego,2021-01-09,2957,86262,1555,56258,1402,30004,0,0,1788,68432,1159,8903,1796,77335,California
San Diego,2021-01-10,1882,88144,1293,57551,589,30593,0,0,779,68129,1091,9994,788,78123,California
San Diego,2021-01-11,10332,98476,5860,63411,4472,35065,0,0,6806,71432,3519,13513,6822,84945,California
San Diego,2021-01-12,11204,109680,5317,68728,5887,40952,0,0,7830,76010,3365,16878,7943,92888,California
San Diego,2021-01-13,11478,121158,5025,73753,6453,47405,0,0,8931,82430,2534,19412,8954,101842,California
San Diego,2021-01-14,12368,133526,4753,78506,7615,55020,0,0,10200,90505,2159,21571,10234,112076,California
San Diego,2021-01-15,15125,148651,5353,83859,9772,64792,0,0,12485,100421,2621,24192,12537,124613,California
San Diego,2021-01-16,10771,159422,3595,87454,7176,71968,0,0,9325,108336,1441,25633,9356,133969,California
San Diego,2021-01-17,8683,168105,2500,89954,6183,78151,0,0,7844,115360,839,26472,7863,141832,California
San Diego,2021-01-18,12501,180606,5941,95895,6560,84711,0,0,9671,122294,2791,29263,9725,151557,California
San Diego,2021-01-19,14756,195362,5826,101721,8930,93641,0,0,11624,131059,3118,32381,11883,163440,California
San Diego,2021-01-20,18329,213691,6387,108108,11942,105583,0,0,15008,142941,3300,35681,15182,178622,California
San Diego,2021-01-21,17407,231098,5898,114006,11509,117092,0,0,16014,157721,1382,37063,16162,194784,California
San Diego,2021-01-22,17675,248773,4753,118759,12922,130014,0,0,15619,171396,2043,39106,15718,210502,California
San Diego,2021-01-23,14479,263252,5270,124029,9209,139223,0,0,12117,181220,2349,41455,12173,222675,California
San Diego,2021-01-24,11917,275169,3360,127389,8557,147780,0,0,10941,191222,974,42429,10976,233651,California
San Diego,2021-01-25,12222,287391,5751,133140,6471,154251,0,0,9203,197568,3012,45441,9358,243009,California
San Diego,2021-01-26,14947,302338,7648,140788,7299,161550,0,0,11663,206138,3279,48720,11849,254858,California
San Diego,2021-01-27,20764,323102,8128,148916,12636,174186,0,0,17675,220877,3075,51795,17814,272672,California
San Diego,2021-01-28,21307,344409,7649,156565,13658,187844,0,0,19042,237743,2255,54050,19121,291793,California
San Diego,2021-01-29,19706,364115,6463,163028,13243,201087,0,0,17279,252650,2417,56467,17324,309117,California
San Diego,2021-01-30,15904,380019,3667,166695,12237,213324,0,0,13226,263305,2668,59135,13323,322440,California
San Diego,2021-01-31,14798,394817,5753,172448,9045,222369,0,0,14440,277418,354,59489,14467,336907,California
San Diego,2021-02-01,20523,415340,7232,179680,13291,235660,0,0,17335,291654,3174,62663,17410,354317,California
San Diego,2021-02-02,23201,438541,8689,188369,14512,250172,0,0,19670,307970,3521,66184,19837,374154,California
San Diego,2021-02-03,27454,465995,11561,199930,15893,266065,0,0,23278,327271,4158,70342,23459,397613,California
San Diego,2021-02-04,24384,490379,10030,209960,14354,280419,0,0,19682,342550,4685,75027,19964,417577,California
San Diego,2021-02-05,25024,515403,8987,218947,16037,296456,0,0,18478,354997,6523,81550,18970,436547,California
San Diego,2021-02-06,20794,536197,8569,227516,12225,308681,0,0,17599,369630,3189,84739,17822,454369,California
San Diego,2021-02-07,12130,548327,5375,232891,6755,315436,0,0,10262,378298,1848,86587,10516,464885,California
San Diego,2021-02-08,20107,568434,8520,241411,11587,327023,0,0,12691,384277,7399,93986,13378,478263,California
San Diego,2021-02-09,20408,588842,8247,249658,12161,339184,0,0,13207,391372,7181,101167,14276,492539,California
San Diego,2021-02-10,22985,611827,9360,259018,13625,352809,0,0,13879,397549,9061,110228,15238,507777,California
San Diego,2021-02-11,23783,635610,10141,269159,13642,366451,0,0,12740,400947,11016,121244,14414,522191,California
San Diego,2021-02-12,23844,659454,7461,276620,16383,382834,0,0,11918,403215,11908,133152,14176,536367,California
San Diego,2021-02-13,20022,679476,9015,285635,11007,393841,0,0,10894,406184,9121,142273,12090,548457,California
San Diego,2021-02-14,11189,690665,7432,293067,3757,397598,0,0,6335,409317,4850,147123,7983,556440,California
San Diego,2021-02-15,15195,705860,7686,300753,7509,405107,0,0,7846,412970,7329,154452,10982,567422,California
San Diego,2021-02-16,19285,725145,11254,312007,8031,413138,0,0,9236,415507,10038,164490,12575,579997,California
San Diego,2021-02-17,23398,748543,10983,322990,12415,425553,0,0,8143,411960,15244,179734,11697,591694,California
San Diego,2021-02-18,23579,772122,12023,335013,11556,437109,0,0,7792,408578,15777,195511,12395,604089,California
San Diego,2021-02-19,15914,788036,10921,345934,4993,442102,0,0,6632,408043,9263,204774,8728,612817,California
San Diego,2021-02-20,10262,798298,6363,352297,3899,446001,0,0,5817,411653,4442,209216,8052,620869,California
San Diego,2021-02-21,11528,809826,10116,362413,1412,447413,0,0,5200,412825,6301,215517,7473,628342,California
San Diego,2021-02-22,12444,822270,10583,372996,1861,449274,0,0,5799,414417,6638,222155,8230,636572,California
San Diego,2021-02-23,25901,848171,14525,387521,11376,460650,0,0,9667,414757,16228,238383,16568,653140,California
San Diego,2021-02-24,28954,877125,12761,400282,16193,476843,0,0,6871,408084,22064,260447,15391,668531,California
San Diego,2021-02-25,33193,910318,14715,414997,18478,495321,0,0,10171,404600,23004,283451,19520,688051,California
San Diego,2021-02-26,33468,943786,12400,427397,21068,516389,0,0,12155,402645,21286,304737,19331,707382,California
San Diego,2021-02-27,21248,965034,9678,437075,11570,527959,0,0,11457,408764,9787,314524,15906,723288,California
San Diego,2021-02-28,15245,980279,9946,447021,5299,533258,0,0,9500,416278,5744,320268,13258,736546,California
San Diego,2021-03-01,24173,1004452,14248,461269,9924,543182,1,1,14689,426306,9410,329678,19438,755984,California
San Diego,2021-03-02,26084,1030536,14000,475269,12084,555266,0,1,12723,433353,13353,343031,20400,776384,California
San Diego,2021-03-03,33957,1064493,15883,491152,18071,573337,3,4,14060,435372,19882,362913,21901,798285,California
San Diego,2021-03-04,28283,1092776,14071,505223,14212,587549,0,4,12648,439739,15616,378529,19983,818268,California
San Diego,2021-03-05,28921,1121697,14824,520047,14015,601564,82,86,13495,444995,15412,393941,20668,838936,California
San Diego,2021-03-06,23361,1145058,9525,529572,13135,614699,701,787,10299,448174,13049,406990,16228,855164,California
San Diego,2021-03-07,18204,1163262,9298,538870,8336,623035,570,1357,6912,448930,11286,418276,12042,867206,California
San Diego,2021-03-08,23040,1186302,11168,550038,10973,634008,899,2256,11434,454590,11594,429870,17254,884460,California
San Diego,2021-03-09,25859,1212161,11947,561985,12157,646165,1755,4011,10109,456295,15738,445608,17443,901903,California
San Diego,2021-03-10,25260,1237421,10735,572720,12133,658298,2392,6403,9878,458603,15371,460979,17679,919582,California
San Diego,2021-03-11,28673,1266094,10999,583719,14076,672374,3598,10001,10017,458733,18638,479617,18768,938350,California
San Diego,2021-03-12,27068,1293162,9452,593171,14482,686856,3134,13135,9962,458272,17092,496709,16631,954981,California
San Diego,2021-03-13,25974,1319136,7297,600468,17073,703929,1604,14739,10075,458245,15896,512605,15869,970850,California
San Diego,2021-03-14,13704,1332840,5359,605827,7609,711538,736,15475,4786,457282,8911,521516,7948,978798,California
San Diego,2021-03-15,22021,1354861,10163,615990,11079,722617,779,16254,9054,457291,12949,534465,12958,991756,California
San Diego,2021-03-16,29915,1384776,15698,631688,13802,736419,415,16669,15657,462846,14234,548699,19789,1011545,California
San Diego,2021-03-17,26252,1411028,12153,643841,13390,749809,709,17378,16725,473253,9515,558214,19922,1031467,California
San Diego,2021-03-18,31394,1442422,17698,661539,12788,762597,908,18286,16931,479260,14429,572643,20436,1051903,California
San Diego,2021-03-19,30189,1472611,14302,675841,14895,777492,992,19278,19304,490410,10869,583512,22019,1073922,California
San Diego,2021-03-20,27778,1500389,8369,684210,17618,795110,1791,21069,21359,508752,6410,589922,24752,1098674,California
San Diego,2021-03-21,16486,1516875,12011,696221,3758,798868,717,21786,7681,511063,8793,598715,11104,1109778,California
San Diego,2021-03-22,22463,1539338,13101,709322,9115,807983,247,22033,14301,520765,8150,606865,17852,1127630,California
San Diego,2021-03-23,25949,1565287,13613,722935,12073,820056,263,22296,17139,531647,8796,615661,19678,1147308,California
San Diego,2021-03-24,29486,1594773,19705,742640,9418,829474,363,22659,17092,539941,12385,628046,20679,1167987,California
San Diego,2021-03-25,30240,1625013,18213,760853,11370,840844,657,23316,17941,548402,12283,640329,20744,1188731,California
San Diego,2021-03-26,32050,1657063,17868,778721,13626,854470,556,23872,17525,554966,14496,654825,21060,1209791,California
San Diego,2021-03-27,25443,1682506,10991,789712,14059,868529,393,24265,15722,563645,9705,664530,18384,1228175,California
San Diego,2021-03-28,15029,1697535,9188,798900,5785,874314,56,24321,9279,568712,5745,670275,10812,1238987,California
San Diego,2021-03-29,26618,1724153,12871,811771,13151,887465,596,24917,16435,578000,10174,680449,19462,1258449,California
San Diego,2021-03-30,33200,1757353,17894,829665,14536,902001,770,25687,22047,591529,11141,691590,24670,1283119,California
San Diego,2021-03-31,30352,1787705,18733,848398,10965,912966,654,26341,20605,604191,9730,701320,22392,1305511,California
San Diego,2021-04-01,34222,1821927,20032,868430,12803,925769,1387,27728,23258,619238,10937,712257,25984,1331495,California
San Diego,2021-04-02,35512,1857439,20612,889042,12319,938088,2581,30309,24113,635954,11382,723639,28098,1359593,California
San Diego,2021-04-03,30738,1888177,14420,903462,11776,949864,4542,34851,19691,650591,11036,734675,25673,1385266,California
San Diego,2021-04-04,8899,1897076,5076,908538,2924,952788,899,35750,4703,652259,4191,738866,5859,1391125,California
San Diego,2021-04-05,29613,1926689,15386,923924,11681,964469,2546,38296,19402,666747,10198,749064,24686,1415811,California
San Diego,2021-04-06,38577,1965266,20368,944292,12440,976909,5769,44065,22410,681454,16150,765214,30857,1446668,California
San Diego,2021-04-07,35599,2000865,21910,966202,9263,986172,4426,48491,20431,693578,15143,780357,27267,1473935,California
San Diego,2021-04-08,34976,2035841,21283,987485,9685,995857,4008,52499,21300,707855,13655,794012,27932,1501867,California
San Diego,2021-04-09,38096,2073937,22790,1010275,10274,1006131,5032,57531,20841,720241,17190,811202,29576,1531443,California
San Diego,2021-04-10,28547,2102484,11709,1021984,12908,1019039,3930,61461,14673,728185,13862,825064,21806,1553249,California
San Diego,2021-04-11,16132,2118616,10018,1032002,3851,1022890,2263,63724,7251,732467,8878,833942,13160,1566409,California
San Diego,2021-04-12,30525,2149141,12782,1044784,13446,1036336,4297,68021,17035,743969,13475,847417,24977,1591386,California
San Diego,2021-04-13,37045,2186186,17676,1062460,19334,1055670,35,68056,24709,760107,12318,859735,28456,1619842,California
San Diego,2021-04-14,32755,2218941,18763,1081223,13981,1069651,11,68067,17724,768838,15017,874752,23748,1643590,California
San Diego,2021-04-15,38945,2257886,20223,1101446,18720,1088371,2,68069,23635,781815,15285,890037,28262,1671852,California
San Diego,2021-04-16,33216,2291102,18491,1119937,14724,1103095,1,68070,19220,789988,13926,903963,22099,1693951,California
San Diego,2021-04-17,27615,2318717,13479,1133416,14136,1117231,0,68070,12253,790791,15265,919228,16068,1710019,California
San Diego,2021-04-18,14232,2332949,8885,1142301,5344,1122575,3,68073,6672,793514,7549,926777,10272,1720291,California
San Diego,2021-04-19,26305,2359254,13441,1155742,12863,1135438,1,68074,12489,795186,13799,940576,15471,1735762,California
San Diego,2021-04-20,38644,2397898,17482,1173224,21162,1156600,0,68074,19831,801762,18794,959370,25370,1761132,California
San Diego,2021-04-21,34818,2432716,20827,1194051,13991,1170591,0,68074,16893,806674,17895,977265,22807,1783939,California
San Diego,2021-04-22,44285,2477001,22748,1216799,21531,1192122,6,68080,22186,813913,22060,999325,29299,1813238,California
San Diego,2021-04-23,41960,2518961,25962,1242761,15996,1208118,2,68082,15604,813763,26330,1025655,26180,1839418,California
San Diego,2021-04-24,34234,2553195,18721,1261482,15498,1223616,15,68097,15409,817751,18795,1044450,22783,1862201,California
San Diego,2021-04-25,12433,2565628,7658,1269140,4775,1228391,0,68097,5852,819365,6573,1051023,8187,1870388,California
San Diego,2021-04-26,29830,2595458,14556,1283696,15157,1243548,117,68214,10031,818231,19792,1070815,18658,1889046,California
San Diego,2021-04-27,41304,2636762,22471,1306167,18433,1261981,400,68614,18121,822429,23159,1093974,27357,1916403,California
San Diego,2021-04-28,37090,2673852,21649,1327816,14803,1276784,638,69252,16668,827078,20399,1114373,25048,1941451,California
San Diego,2021-04-29,33681,2707533,21635,1349451,11480,1288264,566,69818,12997,828532,20664,1135037,22118,1963569,California
San Diego,2021-04-30,18043,2725576,12195,1361646,5427,1293691,421,70239,6557,830138,11476,1146513,13082,1976651,California
San Francisco,2020-12-15,7,7,7,7,0,0,0,0,7,7,0,0,7,7,California
San Francisco,2020-12-16,229,236,229,236,0,0,0,0,229,236,0,0,229,236,California
San Francisco,2020-12-17,394,630,394,630,0,0,0,0,394,630,0,0,394,630,California
San Francisco,2020-12-18,877,1507,876,1506,1,1,0,0,877,1507,0,0,877,1507,California
San Francisco,2020-12-19,601,2108,601,2107,0,1,0,0,601,2108,0,0,601,2108,California
San Francisco,2020-12-20,484,2592,484,2591,0,1,0,0,484,2592,0,0,484,2592,California
San Francisco,2020-12-21,1161,3753,1161,3752,0,1,0,0,1161,3753,0,0,1161,3753,California
San Francisco,2020-12-22,1401,5154,1367,5119,34,35,0,0,1401,5154,0,0,1401,5154,California
San Francisco,2020-12-23,1335,6489,1045,6164,290,325,0,0,1335,6489,0,0,1335,6489,California
San Francisco,2020-12-24,841,7330,503,6667,338,663,0,0,841,7330,0,0,841,7330,California
San Francisco,2020-12-25,34,7364,29,6696,5,668,0,0,34,7364,0,0,34,7364,California
San Francisco,2020-12-26,245,7609,151,6847,94,762,0,0,245,7609,0,0,245,7609,California
San Francisco,2020-12-27,273,7882,60,6907,213,975,0,0,273,7882,0,0,273,7882,California
San Francisco,2020-12-28,1270,9152,686,7593,584,1559,0,0,1270,9152,0,0,1270,9152,California
San Francisco,2020-12-29,1242,10394,621,8214,621,2180,0,0,1242,10394,0,0,1242,10394,California
San Francisco,2020-12-30,1485,11879,779,8993,706,2886,0,0,1485,11879,0,0,1485,11879,California
San Francisco,2020-12-31,964,12843,411,9404,553,3439,0,0,963,12842,0,0,963,12842,California
San Francisco,2021-01-01,79,12922,67,9471,12,3451,0,0,79,12921,0,0,79,12921,California
San Francisco,2021-01-02,334,13256,302,9773,32,3483,0,0,334,13255,0,0,334,13255,California
San Francisco,2021-01-03,293,13549,101,9874,192,3675,0,0,292,13546,1,1,292,13547,California
San Francisco,2021-01-04,1838,15387,1357,11231,481,4156,0,0,1835,15378,3,4,1835,15382,California
San Francisco,2021-01-05,2234,17621,1416,12647,818,4974,0,0,2199,17544,35,39,2201,17583,California
San Francisco,2021-01-06,1869,19490,1161,13808,708,5682,0,0,1604,18886,263,302,1605,19188,California
San Francisco,2021-01-07,2061,21551,1203,15011,858,6540,0,0,1604,20036,454,756,1604,20792,California
San Francisco,2021-01-08,2330,23881,1630,16641,700,7240,0,0,1494,20699,831,1587,1494,22286,California
San Francisco,2021-01-09,1388,25269,893,17534,495,7735,0,0,884,21081,504,2091,886,23172,California
San Francisco,2021-01-10,919,26188,541,18075,378,8113,0,0,460,21083,458,2549,460,23632,California
San Francisco,2021-01-11,2502,28690,1870,19945,632,8745,0,0,1403,21386,1100,3649,1403,25035,California
San Francisco,2021-01-12,3087,31777,2058,22003,1029,9774,0,0,1894,22089,1193,4842,1896,26931,California
San Francisco,2021-01-13,2822,34599,1601,23604,1221,10995,0,0,1991,23249,831,5673,1991,28922,California
San Francisco,2021-01-14,2437,37036,1097,24701,1340,12335,0,0,1878,24568,559,6232,1878,30800,California
San Francisco,2021-01-15,2739,39775,1146,25847,1593,13928,0,0,2347,26527,390,6622,2349,33149,California
San Francisco,2021-01-16,2251,42026,964,26811,1287,15215,0,0,2086,28449,165,6787,2087,35236,California
San Francisco,2021-01-17,1919,43945,533,27344,1386,16601,0,0,1704,29938,215,7002,1704,36940,California
San Francisco,2021-01-18,1373,45318,588,27932,785,17386,0,0,1110,30788,262,7264,1112,38052,California
San Francisco,2021-01-19,2573,47891,1473,29405,1100,18486,0,0,1827,31869,746,8010,1827,39879,California
San Francisco,2021-01-20,2707,50598,1086,30491,1621,20107,0,0,1958,33082,746,8756,1959,41838,California
San Francisco,2021-01-21,3290,53888,928,31419,2362,22469,0,0,2471,34736,817,9573,2471,44309,California
San Francisco,2021-01-22,3178,57066,636,32055,2542,25011,0,0,2736,37032,440,10013,2736,47045,California
San Francisco,2021-01-23,3088,60154,608,32663,2480,27491,0,0,2722,39390,365,10378,2723,49768,California
San Francisco,2021-01-24,2422,62576,361,33024,2061,29552,0,0,2194,41359,225,10603,2194,51962,California
San Francisco,2021-01-25,4583,67159,1781,34805,2802,32354,0,0,3035,42849,1546,12149,3036,54998,California
San Francisco,2021-01-26,4665,71824,2136,36941,2529,34883,0,0,3074,44337,1588,13737,3076,58074,California
San Francisco,2021-01-27,4423,76247,2072,39013,2351,37234,0,0,3074,46066,1345,15082,3074,61148,California
San Francisco,2021-01-28,3751,79998,1552,40565,2199,39433,0,0,2590,47500,1156,16238,2590,63738,California
San Francisco,2021-01-29,4716,84714,1678,42243,3038,42471,0,0,3449,49689,1260,17498,3449,67187,California
San Francisco,2021-01-30,3770,88484,1838,44081,1932,44403,0,0,3322,52568,447,17945,3326,70513,California
San Francisco,2021-01-31,2351,90835,823,44904,1528,45931,0,0,2199,54617,151,18096,2200,72713,California
San Francisco,2021-02-01,3785,94620,1524,46428,2261,48192,0,0,2884,56601,901,18997,2885,75598,California
San Francisco,2021-02-02,4643,99263,1964,48392,2679,50871,0,0,2881,57726,1756,20753,2881,78479,California
San Francisco,2021-02-03,5050,104313,2367,50759,2683,53554,0,0,3748,60175,1300,22053,3749,82228,California
San Francisco,2021-02-04,5019,109332,2432,53191,2587,56141,0,0,3857,62872,1160,23213,3857,86085,California
San Francisco,2021-02-05,5928,115260,3193,56384,2735,58876,0,0,4586,66120,1339,24552,4587,90672,California
San Francisco,2021-02-06,5468,120728,3649,60033,1819,60695,0,0,4567,69790,899,25451,4569,95241,California
San Francisco,2021-02-07,4325,125053,3174,63207,1151,61846,0,0,3748,72965,576,26027,3751,98992,California
San Francisco,2021-02-08,6693,131746,4609,67816,2084,63930,0,0,5484,77259,1192,27219,5486,104478,California
San Francisco,2021-02-09,5920,137666,3986,71802,1934,65864,0,0,4367,80078,1549,28768,4368,108846,California
San Francisco,2021-02-10,6859,144525,4176,75978,2683,68547,0,0,5092,83414,1759,30527,5095,113941,California
San Francisco,2021-02-11,6700,151225,3973,79951,2727,71274,0,0,4891,86500,1806,32333,4892,118833,California
San Francisco,2021-02-12,5311,156536,2665,82616,2646,73920,0,0,3482,88154,1828,34161,3482,122315,California
San Francisco,2021-02-13,4358,160894,2547,85163,1811,75731,0,0,3035,89868,1323,35484,3037,125352,California
San Francisco,2021-02-14,3414,164308,2242,87405,1172,76903,0,0,2291,91038,1122,36606,2292,127644,California
San Francisco,2021-02-15,2770,167078,1505,88910,1265,78168,0,0,1676,91622,1092,37698,1676,129320,California
San Francisco,2021-02-16,4988,172066,2726,91636,2262,80430,0,0,2954,92555,2027,39725,2960,132280,California
San Francisco,2021-02-17,5396,177462,2679,94315,2717,83147,0,0,2958,93086,2428,42153,2959,135239,California
San Francisco,2021-02-18,5371,182833,2628,96943,2743,85890,0,0,2807,93332,2564,44717,2810,138049,California
San Francisco,2021-02-19,5633,188466,2644,99587,2989,88879,0,0,2930,93567,2697,47414,2932,140981,California
San Francisco,2021-02-20,4520,192986,2180,101767,2340,91219,0,0,1703,92462,2809,50223,1704,142685,California
San Francisco,2021-02-21,2736,195722,1369,103136,1367,92586,0,0,1141,92014,1590,51813,1142,143827,California
San Francisco,2021-02-22,5096,200818,3173,106309,1923,94509,0,0,2563,92053,2526,54339,2565,146392,California
San Francisco,2021-02-23,5450,206268,3082,109391,2368,96877,0,0,2759,92127,2685,57024,2759,149151,California
San Francisco,2021-02-24,8967,215235,5077,114468,3890,100767,0,0,4781,92732,4177,61201,4782,153933,California
San Francisco,2021-02-25,9757,224992,6859,121327,2898,103665,0,0,6304,95588,3450,64651,6306,160239,California
San Francisco,2021-02-26,11911,236903,7729,129056,4182,107847,0,0,7061,97798,4852,69503,7062,167301,California
San Francisco,2021-02-27,8900,245803,5663,134719,3236,111083,1,1,4506,97926,4380,73883,4508,171809,California
San Francisco,2021-02-28,7706,253509,5531,140250,2175,113258,0,1,3827,97877,3877,77760,3828,175637,California
San Francisco,2021-03-01,10687,264196,7177,147427,3508,116766,2,3,5172,97557,5497,83257,5177,180814,California
San Francisco,2021-03-02,8856,273052,5655,153082,3201,119967,0,3,5136,98982,3712,86969,5137,185951,California
San Francisco,2021-03-03,11009,284061,6326,159408,4682,124649,1,4,6016,100020,4982,91951,6020,191971,California
San Francisco,2021-03-04,8635,292696,5430,164838,3205,127854,0,4,4863,101117,3766,95717,4863,196834,California
San Francisco,2021-03-05,8671,301367,5137,169975,3531,131385,3,7,5448,103362,3207,98924,5452,202286,California
San Francisco,2021-03-06,6861,308228,4416,174391,2237,133622,208,215,4211,105116,2662,101586,4416,206702,California
San Francisco,2021-03-07,5125,313353,3976,178367,1092,134714,57,272,2882,105798,2257,103843,2939,209641,California
San Francisco,2021-03-08,7136,320489,5165,183532,1785,136499,186,458,5584,109985,1583,105426,5770,215411,California
San Francisco,2021-03-09,6709,327198,3934,187466,2401,138900,374,832,4582,112802,2134,107560,4951,220362,California
San Francisco,2021-03-10,10389,337587,5876,193342,4013,142913,500,1332,6348,115631,4021,111581,6850,227212,California
San Francisco,2021-03-11,10031,347618,6346,199688,2726,145639,959,2291,6587,119742,3428,115009,7539,234751,California
San Francisco,2021-03-12,10717,358335,6247,205935,3159,148798,1311,3602,5957,122269,4738,119747,7265,242016,California
San Francisco,2021-03-13,6573,364908,3829,209764,1688,150486,1056,4658,4067,124892,2498,122245,5121,247137,California
San Francisco,2021-03-14,7479,372387,4839,214603,2403,152889,237,4895,4037,125736,3430,125675,4274,251411,California
San Francisco,2021-03-15,11907,384294,9084,223687,1889,154778,934,5829,8247,131261,3648,129323,9173,260584,California
San Francisco,2021-03-16,12038,396332,8172,231859,3409,158187,457,6286,8757,137210,3264,132587,9213,269797,California
San Francisco,2021-03-17,13155,409487,8119,239978,4492,162679,544,6830,9505,143633,3622,136209,10045,279842,California
San Francisco,2021-03-18,9945,419432,6729,246707,2594,165273,622,7452,5658,145647,4262,140471,6276,286118,California
San Francisco,2021-03-19,12010,431442,8695,255402,2852,168125,463,7915,6394,146908,5592,146063,6853,292971,California
San Francisco,2021-03-20,8715,440157,6380,261782,1876,170001,459,8374,5199,149081,3487,149550,5660,298631,California
San Francisco,2021-03-21,6444,446601,5896,267678,414,170415,134,8508,3681,150146,2750,152300,3815,302446,California
San Francisco,2021-03-22,9730,456331,6825,274503,2061,172476,844,9352,5128,151532,4581,156881,5967,308413,California
San Francisco,2021-03-23,11132,467463,7356,281859,3129,175605,647,9999,6700,154474,4402,161283,7344,315757,California
San Francisco,2021-03-24,12273,479736,9384,291243,2354,177959,535,10534,6338,155448,5896,167179,6870,322627,California
San Francisco,2021-03-25,11790,491526,8631,299874,2597,180556,562,11096,5901,156085,5822,173001,6459,329086,California
San Francisco,2021-03-26,11835,503361,8190,308064,3415,183971,230,11326,6100,156707,5705,178706,6327,335413,California
San Francisco,2021-03-27,8618,511979,5746,313810,2527,186498,345,11671,3912,156274,4689,183395,4256,339669,California
San Francisco,2021-03-28,6571,518550,5237,319047,1292,187790,42,11713,3163,156091,3385,186780,3202,342871,California
San Francisco,2021-03-29,11365,529915,7869,326916,3313,191103,183,11896,5121,155174,6220,193000,5303,348174,California
San Francisco,2021-03-30,11473,541388,7162,334078,4021,195124,290,12186,6857,157729,4591,197591,7146,355320,California
San Francisco,2021-03-31,12082,553470,8023,342101,3763,198887,296,12482,5548,157064,6503,204094,5838,361158,California
San Francisco,2021-04-01,13715,567185,7281,349382,4796,203683,1638,14120,5973,156958,7713,211807,7607,368765,California
San Francisco,2021-04-02,14614,581799,6441,355823,6364,210047,1809,15929,6897,157963,7698,219505,8703,377468,California
San Francisco,2021-04-03,10378,592177,4779,360602,3814,213861,1785,17714,4817,159013,5549,225054,6599,384067,California
San Francisco,2021-04-04,8982,601159,4749,365351,2582,216443,1651,19365,3610,158915,5359,230413,5261,389328,California
San Francisco,2021-04-05,15895,617054,9739,375090,4282,220725,1874,21239,6360,157634,9512,239925,8231,397559,California
San Francisco,2021-04-06,15940,632994,9436,384526,4448,225173,2056,23295,6268,156301,9652,249577,8319,405878,California
San Francisco,2021-04-07,16739,649733,9961,394487,4556,229729,2222,25517,7052,155894,9668,259245,9261,415139,California
San Francisco,2021-04-08,14077,663810,6695,401182,2996,232725,4386,29903,4631,155473,9419,268664,8998,424137,California
San Francisco,2021-04-09,15686,679496,7588,408770,4771,237496,3327,33230,6688,156504,8969,277633,10000,434137,California
San Francisco,2021-04-10,13122,692618,5657,414427,5844,243340,1621,34851,7131,159280,5968,283601,8744,442881,California
San Francisco,2021-04-11,9958,702576,7452,421879,1337,244677,1169,36020,5194,160888,4752,288353,6360,449241,California
San Francisco,2021-04-12,10547,713123,6863,428742,2558,247235,1126,37146,4873,161232,5652,294005,5996,455237,California
San Francisco,2021-04-13,10672,723795,7258,436000,3402,250637,12,37158,5417,161430,5234,299239,5432,460669,California
San Francisco,2021-04-14,13248,737043,7991,443991,5256,255893,1,37159,6435,161084,6782,306021,6436,467105,California
San Francisco,2021-04-15,13558,750601,9399,453390,4158,260051,1,37160,8003,163565,5527,311548,8008,475113,California
San Francisco,2021-04-16,12875,763476,8676,462066,4155,264206,44,37204,7650,166063,5200,316748,7698,482811,California
San Francisco,2021-04-17,9967,773443,7272,469338,2694,266900,1,37205,7051,170219,2899,319647,7055,489866,California
San Francisco,2021-04-18,6570,780013,5023,474361,1546,268446,1,37206,4080,171830,2472,322119,4083,493949,California
San Francisco,2021-04-19,10798,790811,8102,482463,2691,271137,5,37211,6956,174974,3827,325946,6971,500920,California
San Francisco,2021-04-20,12247,803058,7150,489613,5096,276233,1,37212,8471,179692,3756,329702,8474,509394,California
San Francisco,2021-04-21,10480,813538,7486,497099,2990,279223,4,37216,6384,182014,4070,333772,6392,515786,California
San Francisco,2021-04-22,10339,823877,7676,504775,2662,281885,1,37217,5980,183665,4336,338108,5987,521773,California
San Francisco,2021-04-23,10157,834034,5805,510580,4352,286237,0,37217,6031,185605,4097,342205,6037,527810,California
San Francisco,2021-04-24,7881,841915,5436,516016,2445,288682,0,37217,4670,187090,3192,345397,4677,532487,California
San Francisco,2021-04-25,5028,846943,4335,520351,687,289369,6,37223,2954,187992,2061,347458,2963,535450,California
San Francisco,2021-04-26,7422,854365,5215,525566,2197,291566,10,37233,3648,187909,3753,351211,3670,539120,California
San Francisco,2021-04-27,7757,862122,5180,530746,2452,294018,125,37358,3817,187942,3918,355129,3951,543071,California
San Francisco,2021-04-28,8586,870708,5975,536721,2426,296444,185,37543,4348,188268,4214,359343,4540,547611,California
San Francisco,2021-04-29,6762,877470,3679,540400,2885,299329,198,37741,3171,188069,3570,362913,3371,550982,California
San Francisco,2021-04-30,7987,885457,3423,543823,4534,303863,30,37771,2587,185314,5376,368289,2621,553603,California
San Joaquin,2020-12-15,12,12,12,12,0,0,0,0,12,12,0,0,12,12,California
San Joaquin,2020-12-16,306,318,306,318,0,0,0,0,306,318,0,0,306,318,California
San Joaquin,2020-12-17,311,629,311,629,0,0,0,0,311,629,0,0,311,629,California
San Joaquin,2020-12-18,522,1151,518,1147,4,4,0,0,522,1151,0,0,522,1151,California
San Joaquin,2020-12-19,188,1339,188,1335,0,4,0,0,188,1339,0,0,188,1339,California
San Joaquin,2020-12-20,113,1452,112,1447,1,5,0,0,113,1452,0,0,113,1452,California
San Joaquin,2020-12-21,489,1941,489,1936,0,5,0,0,489,1941,0,0,489,1941,California
San Joaquin,2020-12-22,966,2907,846,2782,120,125,0,0,965,2906,0,0,965,2906,California
San Joaquin,2020-12-23,972,3879,913,3695,59,184,0,0,970,3876,0,0,970,3876,California
San Joaquin,2020-12-24,214,4093,186,3881,28,212,0,0,213,4089,0,0,213,4089,California
San Joaquin,2020-12-25,14,4107,14,3895,0,212,0,0,14,4103,0,0,14,4103,California
San Joaquin,2020-12-26,101,4208,29,3924,72,284,0,0,101,4204,0,0,101,4204,California
San Joaquin,2020-12-27,41,4249,28,3952,13,297,0,0,41,4245,0,0,41,4245,California
San Joaquin,2020-12-28,621,4870,420,4372,201,498,0,0,621,4866,0,0,621,4866,California
San Joaquin,2020-12-29,797,5667,672,5044,125,623,0,0,797,5663,0,0,797,5663,California
San Joaquin,2020-12-30,1006,6673,714,5758,292,915,0,0,1004,6667,0,0,1004,6667,California
San Joaquin,2020-12-31,452,7125,202,5960,250,1165,0,0,452,7119,0,0,452,7119,California
San Joaquin,2021-01-01,18,7143,11,5971,7,1172,0,0,18,7137,0,0,18,7137,California
San Joaquin,2021-01-02,261,7404,239,6210,22,1194,0,0,261,7398,0,0,261,7398,California
San Joaquin,2021-01-03,37,7441,19,6229,18,1212,0,0,36,7433,1,1,36,7434,California
San Joaquin,2021-01-04,473,7914,337,6566,136,1348,0,0,471,7903,1,2,471,7905,California
San Joaquin,2021-01-05,975,8889,643,7209,332,1680,0,0,807,8578,168,170,843,8748,California
San Joaquin,2021-01-06,1217,10106,704,7913,513,2193,0,0,915,9198,298,468,918,9666,California
San Joaquin,2021-01-07,1066,11172,671,8584,395,2588,0,0,779,9694,284,752,780,10446,California
San Joaquin,2021-01-08,1191,12363,819,9403,372,2960,0,0,708,9924,482,1234,712,11158,California
San Joaquin,2021-01-09,376,12739,300,9703,76,3036,0,0,247,10042,129,1363,247,11405,California
San Joaquin,2021-01-10,222,12961,114,9817,108,3144,0,0,170,10160,52,1415,170,11575,California
San Joaquin,2021-01-11,1519,14480,1315,11132,204,3348,0,0,858,10425,660,2075,925,12500,California
San Joaquin,2021-01-12,1422,15902,1018,12150,404,3752,0,0,654,10385,764,2839,724,13224,California
San Joaquin,2021-01-13,1521,17423,891,13041,630,4382,0,0,950,10770,570,3409,955,14179,California
San Joaquin,2021-01-14,1646,19069,874,13915,772,5154,0,0,1309,11777,317,3726,1324,15503,California
San Joaquin,2021-01-15,1593,20662,618,14533,975,6129,0,0,1379,12965,200,3926,1388,16891,California
San Joaquin,2021-01-16,1139,21801,192,14725,947,7076,0,0,1112,14051,26,3952,1112,18003,California
San Joaquin,2021-01-17,1613,23414,130,14855,1483,8559,0,0,1575,15590,38,3990,1577,19580,California
San Joaquin,2021-01-18,736,24150,237,15092,499,9058,0,0,616,16090,116,4106,616,20196,California
San Joaquin,2021-01-19,1852,26002,886,15978,966,10024,0,0,1172,16592,676,4782,1178,21374,California
San Joaquin,2021-01-20,2072,28074,1276,17254,796,10820,0,0,1426,17383,641,5423,1432,22806,California
San Joaquin,2021-01-21,1958,30032,886,18140,1072,11892,0,0,1564,18565,387,5810,1569,24375,California
San Joaquin,2021-01-22,1956,31988,913,19053,1043,12935,0,0,1813,20243,138,5948,1816,26191,California
San Joaquin,2021-01-23,891,32879,402,19455,489,13424,0,0,608,20572,282,6230,611,26802,California
San Joaquin,2021-01-24,342,33221,133,19588,209,13633,0,0,321,20874,19,6249,321,27123,California
San Joaquin,2021-01-25,1976,35197,1133,20721,843,14476,0,0,1417,21739,556,6805,1421,28544,California
San Joaquin,2021-01-26,2141,37338,1112,21833,1029,15505,0,0,1536,22676,603,7408,1540,30084,California
San Joaquin,2021-01-27,1720,39058,765,22598,955,16460,0,0,1230,23426,486,7894,1236,31320,California
San Joaquin,2021-01-28,2015,41073,757,23355,1258,17718,0,0,1376,24169,636,8530,1379,32699,California
San Joaquin,2021-01-29,2132,43205,1039,24394,1093,18811,0,0,1787,25623,340,8870,1794,34493,California
San Joaquin,2021-01-30,2156,45361,349,24743,1807,20618,0,0,1981,27433,173,9043,1983,36476,California
San Joaquin,2021-01-31,1553,46914,176,24919,1377,21995,0,0,1493,28871,56,9099,1494,37970,California
San Joaquin,2021-02-01,2478,49392,1308,26227,1170,23165,0,0,1750,29897,727,9826,1753,39723,California
San Joaquin,2021-02-02,2582,51974,1166,27393,1416,24581,0,0,1968,31314,555,10381,1972,41695,California
San Joaquin,2021-02-03,3052,55026,1207,28600,1845,26426,0,0,2189,32651,857,11238,2194,43889,California
San Joaquin,2021-02-04,3426,58452,1707,30307,1719,28145,0,0,2623,34480,797,12035,2626,46515,California
San Joaquin,2021-02-05,3206,61658,1854,32161,1352,29497,0,0,2353,35989,847,12882,2356,48871,California
San Joaquin,2021-02-06,1120,62778,785,32946,335,29832,0,0,945,36763,173,13055,947,49818,California
San Joaquin,2021-02-07,610,63388,484,33430,126,29958,0,0,409,36979,194,13249,410,50228,California
San Joaquin,2021-02-08,1771,65159,1031,34461,740,30698,0,0,1440,38113,310,13559,1444,51672,California
San Joaquin,2021-02-09,2089,67248,1133,35594,956,31654,0,0,1560,39215,459,14018,1561,53233,California
San Joaquin,2021-02-10,2553,69801,1250,36844,1303,32957,0,0,1336,39363,1188,15206,1336,54569,California
San Joaquin,2021-02-11,2921,72722,1500,38344,1421,34378,0,0,1713,39902,1179,16385,1718,56287,California
San Joaquin,2021-02-12,2795,75517,1120,39464,1675,36053,0,0,1581,40287,1201,17586,1586,57873,California
San Joaquin,2021-02-13,2108,77625,395,39859,1713,37766,0,0,846,39888,1251,18837,852,58725,California
San Joaquin,2021-02-14,1898,79523,260,40119,1638,39404,0,0,688,39392,1185,20022,689,59414,California
San Joaquin,2021-02-15,1973,81496,833,40952,1140,40544,0,0,1194,39839,751,20773,1198,60612,California
San Joaquin,2021-02-16,3140,84636,1368,42320,1772,42316,0,0,1741,40200,1387,22160,1748,62360,California
San Joaquin,2021-02-17,3259,87895,1261,43581,1998,44314,0,0,1858,40673,1389,23549,1862,64222,California
San Joaquin,2021-02-18,3317,91212,1362,44943,1955,46269,0,0,1896,41181,1395,24944,1903,66125,California
San Joaquin,2021-02-19,4154,95366,2314,47257,1840,48109,0,0,2368,41798,1752,26696,2369,68494,California
San Joaquin,2021-02-20,1533,96899,648,47905,885,48994,0,0,1057,42380,475,27171,1057,69551,California
San Joaquin,2021-02-21,633,97532,478,48383,155,49149,0,0,401,42553,229,27400,402,69953,California
San Joaquin,2021-02-22,3503,101035,2470,50853,1033,50182,0,0,2515,44115,958,28358,2520,72473,California
San Joaquin,2021-02-23,4254,105289,2580,53433,1674,51856,0,0,2622,45133,1608,29966,2626,75099,California
San Joaquin,2021-02-24,5670,110959,3374,56807,2296,54152,0,0,4086,47660,1563,31529,4090,79189,California
San Joaquin,2021-02-25,6277,117236,3878,60685,2399,56551,0,0,4056,49534,2192,33721,4066,83255,California
San Joaquin,2021-02-26,5428,122664,2834,63519,2594,59145,0,0,3734,51608,1668,35389,3742,86997,California
San Joaquin,2021-02-27,5410,128074,1607,65126,3803,62948,0,0,2592,51441,2773,38162,2606,89603,California
San Joaquin,2021-02-28,3035,131109,1087,66213,1948,64896,0,0,1996,52415,1025,39187,1999,91602,California
San Joaquin,2021-03-01,4044,135153,1778,67991,2266,67162,0,0,2285,52966,1743,40930,2294,93896,California
San Joaquin,2021-03-02,4146,139299,1652,69643,2494,69656,0,0,2600,54094,1529,42459,2657,96553,California
San Joaquin,2021-03-03,5725,145024,3397,73040,2326,71982,2,2,4138,56668,1566,44025,4140,100693,California
San Joaquin,2021-03-04,5648,150672,2240,75280,3405,75387,3,5,3694,58426,1944,45969,3702,104395,California
San Joaquin,2021-03-05,4392,155064,1859,77139,2530,77917,3,8,3033,60120,1346,47315,3040,107435,California
San Joaquin,2021-03-06,3276,158340,2159,79298,987,78904,130,138,2697,62374,576,47891,2830,110265,California
San Joaquin,2021-03-07,1202,159542,551,79849,605,79509,46,184,920,63061,264,48155,951,111216,California
San Joaquin,2021-03-08,3108,162650,1244,81093,1740,81249,124,308,2108,64302,990,49145,2231,113447,California
San Joaquin,2021-03-09,3947,166597,1775,82868,2046,83295,126,434,2611,65721,1321,50466,2740,116187,California
San Joaquin,2021-03-10,4615,171212,2451,85319,2026,85321,138,572,3400,68057,1202,51668,3538,119725,California
San Joaquin,2021-03-11,4903,176115,2324,87643,1982,87303,597,1169,2914,69594,1979,53647,3516,123241,California
San Joaquin,2021-03-12,6231,182346,3111,90754,2788,90091,332,1501,4143,72006,2069,55716,4481,127722,California
San Joaquin,2021-03-13,3042,185388,1438,92192,1478,91569,126,1627,2286,73675,749,56465,2418,130140,California
San Joaquin,2021-03-14,2148,187536,666,92858,1180,92749,302,1929,1036,73909,1108,57573,1342,131482,California
San Joaquin,2021-03-15,6034,193570,3473,96331,2158,94907,403,2332,3172,74658,2838,60411,3587,135069,California
San Joaquin,2021-03-16,6777,200347,3851,100182,2671,97578,255,2587,4000,76155,2766,63177,4263,139332,California
San Joaquin,2021-03-17,7723,208070,4629,104811,3024,100602,70,2657,4301,77144,3391,66568,4380,143712,California
San Joaquin,2021-03-18,7594,215664,4458,109269,2630,103232,506,3163,3760,77618,3799,70367,4273,147985,California
San Joaquin,2021-03-19,7870,223534,4612,113881,2716,105948,542,3705,4770,79893,3082,73449,5357,153342,California
San Joaquin,2021-03-20,3653,227187,2111,115992,1299,107247,243,3948,1830,80168,1810,75259,2085,155427,California
San Joaquin,2021-03-21,2093,229280,1487,117479,400,107647,206,4154,1190,80710,897,76156,1439,156866,California
San Joaquin,2021-03-22,3936,233216,2011,119490,1509,109156,416,4570,2338,81881,1588,77744,2759,159625,California
San Joaquin,2021-03-23,5329,238545,2610,122100,2553,111709,166,4736,3701,84141,1612,79356,3872,163497,California
San Joaquin,2021-03-24,6778,245323,4206,126306,2486,114195,86,4822,3018,83515,3738,83094,3112,166609,California
San Joaquin,2021-03-25,5485,250808,3245,129551,2199,116394,41,4863,3274,84645,2192,85286,3322,169931,California
San Joaquin,2021-03-26,6110,256918,2517,132068,3444,119838,149,5012,3229,85181,2861,88147,3397,173328,California
San Joaquin,2021-03-27,4590,261508,2605,134673,1942,121780,43,5055,1808,84284,2763,90910,1866,175194,California
San Joaquin,2021-03-28,2692,264200,1786,136459,881,122661,25,5080,1298,84318,1376,92286,1410,176604,California
San Joaquin,2021-03-29,3976,268176,2140,138599,1814,124475,22,5102,2017,84434,1950,94236,2066,178670,California
San Joaquin,2021-03-30,6125,274301,3121,141720,2932,127407,72,5174,3429,85288,2673,96909,3527,182197,California
San Joaquin,2021-03-31,6524,280825,4109,145829,2356,129763,59,5233,3315,85495,3195,100104,3402,185599,California
San Joaquin,2021-04-01,6278,287103,2929,148758,3268,133031,81,5314,2786,84949,3479,103583,2933,188532,California
San Joaquin,2021-04-02,6275,293378,2854,151612,2932,135963,489,5803,2503,84228,3753,107336,3032,191564,California
San Joaquin,2021-04-03,4100,297478,2311,153923,1463,137426,326,6129,1977,84437,2106,109442,2315,193879,California
San Joaquin,2021-04-04,2250,299728,1337,155260,711,138137,202,6331,1535,85475,708,110150,1746,195625,California
San Joaquin,2021-04-05,4433,304161,2805,158065,1459,139596,169,6500,2605,86444,1821,111971,2790,198415,California
San Joaquin,2021-04-06,6931,311092,4445,162510,2228,141824,258,6758,3290,86383,3621,115592,3560,201975,California
San Joaquin,2021-04-07,8238,319330,4476,166986,2191,144015,1571,8329,3457,86659,4767,120359,5043,207018,California
San Joaquin,2021-04-08,8584,327914,4637,171623,1933,145948,2014,10343,3280,86673,5284,125643,5298,212316,California
San Joaquin,2021-04-09,8625,336539,4112,175735,2969,148917,1544,11887,3089,85810,5516,131159,4653,216969,California
San Joaquin,2021-04-10,5129,341668,1599,177334,1626,150543,1904,13791,1701,85989,3424,134583,3603,220572,California
San Joaquin,2021-04-11,3986,345654,1525,178859,1297,151840,1164,14955,1685,86546,2288,136871,2845,223417,California
San Joaquin,2021-04-12,5793,351447,2254,181113,2040,153880,1499,16454,2213,86700,3564,140435,3718,227135,California
San Joaquin,2021-04-13,7363,358810,4226,185339,3132,157012,5,16459,4515,88395,2832,143267,4527,231662,California
San Joaquin,2021-04-14,7029,365839,3491,188830,3538,160550,0,16459,4133,89658,2878,146145,4141,235803,California
San Joaquin,2021-04-15,7471,373310,4319,193149,3152,163702,0,16459,4077,90380,3361,149506,4083,239886,California
San Joaquin,2021-04-16,6927,380237,3497,196646,3427,167129,3,16462,4003,91497,2900,152406,4017,243903,California
San Joaquin,2021-04-17,4931,385168,2590,199236,2340,169469,1,16463,3458,93508,1465,153871,3476,247379,California
San Joaquin,2021-04-18,2421,387589,1333,200569,1088,170557,0,16463,1293,93694,1114,154985,1300,248679,California
San Joaquin,2021-04-19,5001,392590,2655,203224,2346,172903,0,16463,2656,94037,2323,157308,2666,251345,California
San Joaquin,2021-04-20,6114,398704,3190,206414,2924,175827,0,16463,2891,93738,3201,160509,2902,254247,California
San Joaquin,2021-04-21,5258,403962,2762,209176,2496,178323,0,16463,2878,94285,2337,162846,2884,257131,California
San Joaquin,2021-04-22,5101,409063,2970,212146,2131,180454,0,16463,2933,95084,2141,164987,2940,260071,California
San Joaquin,2021-04-23,5734,414797,2715,214861,3018,183472,1,16464,3635,96642,2083,167070,3641,263712,California
San Joaquin,2021-04-24,4862,419659,3305,218166,1556,185028,1,16465,3076,97955,1769,168839,3082,266794,California
San Joaquin,2021-04-25,2615,422274,2154,220320,461,185489,0,16465,1600,98559,1002,169841,1606,268400,California
San Joaquin,2021-04-26,3404,425678,2161,222481,1242,186731,1,16466,1686,98542,1707,171548,1690,270090,California
San Joaquin,2021-04-27,4133,429811,2404,224885,1680,188411,49,16515,1760,98004,2356,173904,1818,271908,California
San Joaquin,2021-04-28,5203,435014,3048,227933,2080,190491,75,16590,2534,97985,2643,176547,2624,274532,California
San Joaquin,2021-04-29,4153,439167,2241,230174,1863,192354,49,16639,2049,97997,2092,178639,2104,276636,California
San Joaquin,2021-04-30,2912,442079,1441,231615,1454,193808,17,16656,1526,98169,1376,180015,1548,278184,California
San Luis Obispo,2020-12-16,4,4,4,4,0,0,0,0,4,4,0,0,4,4,California
San Luis Obispo,2020-12-17,196,200,196,200,0,0,0,0,196,200,0,0,196,200,California
San Luis Obispo,2020-12-18,224,424,224,424,0,0,0,0,224,424,0,0,224,424,California
San Luis Obispo,2020-12-19,162,586,162,586,0,0,0,0,162,586,0,0,162,586,California
San Luis Obispo,2020-12-20,215,801,215,801,0,0,0,0,215,801,0,0,215,801,California
San Luis Obispo,2020-12-21,548,1349,548,1349,0,0,0,0,548,1349,0,0,548,1349,California
San Luis Obispo,2020-12-22,308,1657,304,1653,4,4,0,0,308,1657,0,0,308,1657,California
San Luis Obispo,2020-12-23,681,2338,367,2020,314,318,0,0,681,2338,0,0,681,2338,California
San Luis Obispo,2020-12-24,194,2532,19,2039,175,493,0,0,194,2532,0,0,194,2532,California
San Luis Obispo,2020-12-25,2,2534,1,2040,1,494,0,0,2,2534,0,0,2,2534,California
San Luis Obispo,2020-12-26,89,2623,12,2052,77,571,0,0,89,2623,0,0,89,2623,California
San Luis Obispo,2020-12-27,76,2699,0,2052,76,647,0,0,76,2699,0,0,76,2699,California
San Luis Obispo,2020-12-28,880,3579,430,2482,450,1097,0,0,880,3579,0,0,880,3579,California
San Luis Obispo,2020-12-29,903,4482,502,2984,401,1498,0,0,903,4482,0,0,903,4482,California
San Luis Obispo,2020-12-30,1172,5654,681,3665,491,1989,0,0,1172,5654,0,0,1172,5654,California
San Luis Obispo,2020-12-31,106,5760,4,3669,102,2091,0,0,106,5760,0,0,106,5760,California
San Luis Obispo,2021-01-01,13,5773,8,3677,5,2096,0,0,13,5773,0,0,13,5773,California
San Luis Obispo,2021-01-02,33,5806,8,3685,25,2121,0,0,33,5806,0,0,33,5806,California
San Luis Obispo,2021-01-03,16,5822,6,3691,10,2131,0,0,16,5822,0,0,16,5822,California
San Luis Obispo,2021-01-04,678,6500,524,4215,154,2285,0,0,678,6500,0,0,678,6500,California
San Luis Obispo,2021-01-05,974,7474,756,4971,218,2503,0,0,972,7470,2,2,972,7472,California
San Luis Obispo,2021-01-06,725,8199,480,5451,245,2748,0,0,717,8180,7,9,717,8189,California
San Luis Obispo,2021-01-07,1126,9325,948,6399,178,2926,0,0,684,8422,442,451,684,8873,California
San Luis Obispo,2021-01-08,881,10206,804,7203,77,3003,0,0,512,8566,368,819,512,9385,California
San Luis Obispo,2021-01-09,204,10410,195,7398,9,3012,0,0,27,8416,177,996,27,9412,California
San Luis Obispo,2021-01-10,12,10422,8,7406,4,3016,0,0,8,8420,4,1000,8,9420,California
San Luis Obispo,2021-01-11,526,10948,475,7881,51,3067,0,0,266,8427,259,1259,266,9686,California
San Luis Obispo,2021-01-12,597,11545,380,8261,217,3284,0,0,319,8468,278,1537,319,10005,California
San Luis Obispo,2021-01-13,884,12429,255,8516,629,3913,0,0,646,8878,236,1773,646,10651,California
San Luis Obispo,2021-01-14,730,13159,244,8760,486,4399,0,0,605,9371,112,1885,605,11256,California
San Luis Obispo,2021-01-15,729,13888,287,9047,442,4841,0,0,554,9755,170,2055,554,11810,California
San Luis Obispo,2021-01-16,99,13987,81,9128,18,4859,0,0,94,9844,5,2060,94,11904,California
San Luis Obispo,2021-01-17,67,14054,61,9189,6,4865,0,0,67,9911,0,2060,67,11971,California
San Luis Obispo,2021-01-18,1372,15426,389,9578,983,5848,0,0,1110,10759,262,2322,1110,13081,California
San Luis Obispo,2021-01-19,1585,17011,417,9995,1168,7016,0,0,1177,11528,408,2730,1177,14258,California
San Luis Obispo,2021-01-20,1884,18895,596,10591,1288,8304,0,0,1293,12233,589,3319,1294,15552,California
San Luis Obispo,2021-01-21,1570,20465,466,11057,1104,9408,0,0,1197,13062,369,3688,1198,16750,California
San Luis Obispo,2021-01-22,1521,21986,508,11565,1013,10421,0,0,1206,13955,313,4001,1206,17956,California
San Luis Obispo,2021-01-23,312,22298,294,11859,18,10439,0,0,296,14235,16,4017,296,18252,California
San Luis Obispo,2021-01-24,245,22543,237,12096,8,10447,0,0,239,14468,6,4023,239,18491,California
San Luis Obispo,2021-01-25,2074,24617,606,12702,1468,11915,0,0,1244,14882,830,4853,1244,19735,California
San Luis Obispo,2021-01-26,2001,26618,703,13405,1298,13213,0,0,1135,15151,866,5719,1135,20870,California
San Luis Obispo,2021-01-27,1611,28229,284,13689,1327,14540,0,0,1152,15844,459,6178,1152,22022,California
San Luis Obispo,2021-01-28,1484,29713,342,14031,1142,15682,0,0,1224,16809,259,6437,1224,23246,California
San Luis Obispo,2021-01-29,1734,31447,681,14712,1053,16735,0,0,1450,17975,284,6721,1450,24696,California
San Luis Obispo,2021-01-30,37,31484,18,14730,19,16754,0,0,26,17991,10,6731,26,24722,California
San Luis Obispo,2021-01-31,26,31510,20,14750,6,16760,0,0,23,18011,3,6734,23,24745,California
San Luis Obispo,2021-02-01,1667,33177,704,15454,963,17723,0,0,1396,19137,270,7004,1396,26141,California
San Luis Obispo,2021-02-02,1894,35071,676,16130,1218,18941,0,0,1520,20283,374,7378,1520,27661,California
San Luis Obispo,2021-02-03,1703,36774,728,16858,975,19916,0,0,1290,21160,413,7791,1290,28951,California
San Luis Obispo,2021-02-04,1657,38431,800,17658,857,20773,0,0,1090,21683,567,8358,1090,30041,California
San Luis Obispo,2021-02-05,1603,40034,716,18374,887,21660,0,0,1059,22198,545,8903,1060,31101,California
San Luis Obispo,2021-02-06,159,40193,92,18466,67,21727,0,0,93,22225,66,8969,93,31194,California
San Luis Obispo,2021-02-07,144,40337,99,18565,45,21772,0,0,74,22230,70,9039,75,31269,California
San Luis Obispo,2021-02-08,855,41192,468,19033,387,22159,0,0,496,22368,358,9397,496,31765,California
San Luis Obispo,2021-02-09,1123,42315,448,19481,675,22834,0,0,541,22340,576,9973,548,32313,California
San Luis Obispo,2021-02-10,1427,43742,486,19967,941,23775,0,0,521,21961,903,10876,524,32837,California
San Luis Obispo,2021-02-11,1330,45072,844,20811,486,24261,0,0,655,21944,672,11548,655,33492,California
San Luis Obispo,2021-02-12,787,45859,363,21174,424,24685,0,0,417,21991,370,11918,417,33909,California
San Luis Obispo,2021-02-13,392,46251,126,21300,266,24951,0,0,284,22169,107,12025,285,34194,California
San Luis Obispo,2021-02-14,317,46568,41,21341,276,25227,0,0,281,22415,36,12061,282,34476,California
San Luis Obispo,2021-02-15,724,47292,137,21478,587,25814,0,0,467,22628,254,12315,467,34943,California
San Luis Obispo,2021-02-16,2962,50254,1194,22672,1768,27582,0,0,1359,22390,1597,13912,1359,36302,California
San Luis Obispo,2021-02-17,2775,53029,1238,23910,1537,29119,0,0,1029,21682,1737,15649,1029,37331,California
San Luis Obispo,2021-02-18,2812,55841,1446,25356,1366,30485,0,0,1123,21125,1681,17330,1124,38455,California
San Luis Obispo,2021-02-19,1452,57293,1332,26688,120,30605,0,0,1129,21932,322,17652,1129,39584,California
San Luis Obispo,2021-02-20,250,57543,80,26768,170,30775,0,0,214,22110,36,17688,214,39798,California
San Luis Obispo,2021-02-21,48,57591,44,26812,4,30779,0,0,29,22120,19,17707,29,39827,California
San Luis Obispo,2021-02-22,2402,59993,1857,28669,545,31324,0,0,1460,22639,942,18649,1461,41288,California
San Luis Obispo,2021-02-23,1854,61847,1739,30408,115,31439,0,0,1363,23513,490,19139,1364,42652,California
San Luis Obispo,2021-02-24,2644,64491,1301,31709,1343,32782,0,0,836,22543,1806,20945,836,43488,California
San Luis Obispo,2021-02-25,2130,66621,1243,32952,887,33669,0,0,1206,22833,917,21862,1207,44695,California
San Luis Obispo,2021-02-26,2643,69264,1148,34100,1495,35164,0,0,1324,22845,1312,23174,1324,46019,California
San Luis Obispo,2021-02-27,566,69830,340,34440,226,35390,0,0,520,23319,46,23220,520,46539,California
San Luis Obispo,2021-02-28,198,70028,73,34513,125,35515,0,0,163,23451,31,23251,163,46702,California
San Luis Obispo,2021-03-01,2954,72982,1841,36354,1112,36627,1,1,2033,24564,922,24173,2035,48737,California
San Luis Obispo,2021-03-02,2984,75966,1885,38239,1099,37726,0,1,1840,25265,1140,25313,1841,50578,California
San Luis Obispo,2021-03-03,2272,78238,331,38570,1941,39667,0,1,826,24652,1440,26753,827,51405,California
San Luis Obispo,2021-03-04,2175,80413,1147,39717,1028,40695,0,1,1166,24813,1007,27760,1168,52573,California
San Luis Obispo,2021-03-05,2294,82707,1017,40734,1207,41902,70,71,1289,25182,990,28750,1359,53932,California
San Luis Obispo,2021-03-06,832,83539,309,41043,416,42318,107,178,612,25675,220,28970,713,54645,California
San Luis Obispo,2021-03-07,199,83738,32,41075,83,42401,84,262,70,25702,128,29098,155,54800,California
San Luis Obispo,2021-03-08,2726,86464,753,41828,1659,44060,314,576,1543,26378,1180,30278,1856,56656,California
San Luis Obispo,2021-03-09,2914,89378,955,42783,1723,45783,236,812,1512,26728,1399,31677,1749,58405,California
San Luis Obispo,2021-03-10,3179,92557,1238,44021,1671,47454,270,1082,1815,27453,1360,33037,2085,60490,California
San Luis Obispo,2021-03-11,3096,95653,1272,45293,1522,48976,302,1384,1701,28069,1386,34423,2002,62492,California
San Luis Obispo,2021-03-12,3191,98844,1282,46575,1571,50547,338,1722,1583,28393,1600,36023,1924,64416,California
San Luis Obispo,2021-03-13,791,99635,260,46835,422,50969,109,1831,429,28569,361,36384,537,64953,California
San Luis Obispo,2021-03-14,513,100148,53,46888,349,51318,111,1942,134,28436,378,36762,245,65198,California
San Luis Obispo,2021-03-15,3048,103196,1096,47984,1854,53172,98,2040,1529,28547,1516,38278,1627,66825,California
San Luis Obispo,2021-03-16,2840,106036,1509,49493,1231,54403,100,2140,1445,28702,1389,39667,1544,68369,California
San Luis Obispo,2021-03-17,3421,109457,1448,50941,1712,56115,261,2401,1977,29504,1435,41102,2237,70606,California
San Luis Obispo,2021-03-18,2788,112245,1445,52386,1150,57265,193,2594,1338,29589,1446,42548,1531,72137,California
San Luis Obispo,2021-03-19,2583,114828,1562,53948,700,57965,321,2915,961,29257,1616,44164,1284,73421,California
San Luis Obispo,2021-03-20,831,115659,496,54444,299,58264,36,2951,384,29230,447,44611,420,73841,California
San Luis Obispo,2021-03-21,186,115845,45,54489,138,58402,3,2954,157,29361,29,44640,160,74001,California
San Luis Obispo,2021-03-22,2683,118528,1169,55658,1466,59868,48,3002,1863,30457,815,45455,1911,75912,California
San Luis Obispo,2021-03-23,3354,121882,2209,57867,1127,60995,18,3020,2262,31649,1088,46543,2280,78192,California
San Luis Obispo,2021-03-24,3481,125363,2129,59996,1282,62277,70,3090,2614,33470,862,47405,2683,80875,California
San Luis Obispo,2021-03-25,3657,129020,2285,62281,1360,63637,12,3102,2634,35095,1020,48425,2645,83520,California
San Luis Obispo,2021-03-26,3133,132153,1757,64038,956,64593,420,3522,1752,35891,1376,49801,2172,85692,California
San Luis Obispo,2021-03-27,992,133145,507,64545,393,64986,92,3614,451,35895,539,50340,543,86235,California
San Luis Obispo,2021-03-28,443,133588,151,64696,236,65222,56,3670,242,35992,201,50541,298,86533,California
San Luis Obispo,2021-03-29,2570,136158,1271,65967,1166,66388,133,3803,1652,36871,906,51447,1785,88318,California
San Luis Obispo,2021-03-30,3491,139649,1905,67872,1444,67832,142,3945,2341,38206,1146,52593,2481,90799,California
San Luis Obispo,2021-03-31,3833,143482,2452,70324,1234,69066,147,4092,2470,39469,1354,53947,2617,93416,California
San Luis Obispo,2021-04-01,3795,147277,2415,72739,1286,70352,94,4186,2683,41142,1104,55051,2777,96193,California
San Luis Obispo,2021-04-02,1747,149024,686,73425,750,71102,311,4497,950,41605,796,55847,1259,97452,California
San Luis Obispo,2021-04-03,1096,150120,552,73977,417,71519,127,4624,481,41603,610,56457,608,98060,California
San Luis Obispo,2021-04-04,378,150498,130,74107,208,71727,40,4664,232,41729,146,56603,272,98332,California
San Luis Obispo,2021-04-05,3595,154093,1943,76050,1542,73269,110,4774,2040,42325,1552,58155,2148,100480,California
San Luis Obispo,2021-04-06,4010,158103,2141,78191,1560,74829,309,5083,1952,42535,2051,60206,2261,102741,California
San Luis Obispo,2021-04-07,4252,162355,2335,80526,1577,76406,340,5423,2463,43562,1774,61980,2801,105542,California
San Luis Obispo,2021-04-08,3991,166346,2187,82713,1415,77821,389,5812,2166,44299,1818,63798,2555,108097,California
San Luis Obispo,2021-04-09,3596,169942,1707,84420,1147,78968,742,6554,1517,44484,2070,65868,2255,110352,California
San Luis Obispo,2021-04-10,1570,171512,559,84979,349,79317,662,7216,482,44539,1087,66955,1142,111494,California
San Luis Obispo,2021-04-11,311,171823,63,85042,185,79502,63,7279,124,44541,185,67140,187,111681,California
San Luis Obispo,2021-04-12,3360,175183,1693,86735,1504,81006,163,7442,1406,44156,1954,69094,1569,113250,California
San Luis Obispo,2021-04-13,3628,178811,2091,88826,1536,82542,1,7443,1963,44458,1663,70757,1965,115215,California
San Luis Obispo,2021-04-14,2842,181653,1676,90502,1163,83705,3,7446,1659,44947,1172,71929,1661,116876,California
San Luis Obispo,2021-04-15,3643,185296,2361,92863,1281,84986,1,7447,1941,45204,1685,73614,1942,118818,California
San Luis Obispo,2021-04-16,3598,188894,2186,95049,1409,86395,3,7450,1793,45198,1801,75415,1795,120613,California
San Luis Obispo,2021-04-17,1097,189991,432,95481,663,87058,2,7452,717,45538,379,75794,719,121332,California
San Luis Obispo,2021-04-18,318,190309,96,95577,221,87279,1,7453,109,45441,207,76001,110,121442,California
San Luis Obispo,2021-04-19,3067,193376,1284,96861,1745,89024,38,7491,1131,44676,1934,77935,1169,122611,California
San Luis Obispo,2021-04-20,3546,196922,1928,98789,1618,90642,0,7491,1372,43886,2162,80097,1372,123983,California
San Luis Obispo,2021-04-21,3888,200810,1782,100571,2106,92748,0,7491,1626,43265,2247,82344,1626,125609,California
San Luis Obispo,2021-04-22,4543,205353,2042,102613,2501,95249,0,7491,1497,41734,3030,85374,1499,127108,California
San Luis Obispo,2021-04-23,1468,206821,850,103463,614,95863,4,7495,703,41689,759,86133,714,127822,California
San Luis Obispo,2021-04-24,1077,207898,444,103907,614,96477,19,7514,494,41623,579,86712,513,128335,California
San Luis Obispo,2021-04-25,344,208242,162,104069,182,96659,0,7514,113,41506,230,86942,113,128448,California
San Luis Obispo,2021-04-26,898,209140,294,104363,587,97246,17,7531,335,41304,553,87495,351,128799,California
San Luis Obispo,2021-04-27,3505,212645,1805,106168,1636,98882,64,7595,1313,40493,2187,89682,1376,130175,California
San Luis Obispo,2021-04-28,3291,215936,1842,108010,1387,100269,62,7657,1143,39565,2133,91815,1205,131380,California
San Luis Obispo,2021-04-29,2610,218546,1420,109430,1127,101396,63,7720,785,38597,1816,93631,848,132228,California
San Luis Obispo,2021-04-30,1996,220542,1151,110581,835,102231,10,7730,627,37873,1361,94992,637,132865,California
San Mateo,2020-12-15,26,26,26,26,0,0,0,0,26,26,0,0,26,26,California
San Mateo,2020-12-16,110,136,110,136,0,0,0,0,110,136,0,0,110,136,California
San Mateo,2020-12-17,163,299,163,299,0,0,0,0,163,299,0,0,163,299,California
San Mateo,2020-12-18,741,1040,739,1038,2,2,0,0,741,1040,0,0,741,1040,California
San Mateo,2020-12-19,511,1551,511,1549,0,2,0,0,511,1551,0,0,511,1551,California
San Mateo,2020-12-20,509,2060,508,2057,1,3,0,0,509,2060,0,0,509,2060,California
San Mateo,2020-12-21,1155,3215,1155,3212,0,3,0,0,1155,3215,0,0,1155,3215,California
San Mateo,2020-12-22,1517,4732,1510,4722,7,10,0,0,1517,4732,0,0,1517,4732,California
San Mateo,2020-12-23,1573,6305,1385,6107,188,198,0,0,1573,6305,0,0,1573,6305,California
San Mateo,2020-12-24,867,7172,609,6716,258,456,0,0,867,7172,0,0,867,7172,California
San Mateo,2020-12-25,114,7286,110,6826,4,460,0,0,114,7286,0,0,114,7286,California
San Mateo,2020-12-26,561,7847,418,7244,143,603,0,0,561,7847,0,0,561,7847,California
San Mateo,2020-12-27,307,8154,176,7420,131,734,0,0,307,8154,0,0,307,8154,California
San Mateo,2020-12-28,1049,9203,703,8123,346,1080,0,0,1049,9203,0,0,1049,9203,California
San Mateo,2020-12-29,1130,10333,705,8828,425,1505,0,0,1130,10333,0,0,1130,10333,California
San Mateo,2020-12-30,1264,11597,760,9588,504,2009,0,0,1264,11597,0,0,1264,11597,California
San Mateo,2020-12-31,717,12314,232,9820,485,2494,0,0,716,12312,1,1,716,12313,California
San Mateo,2021-01-01,51,12365,38,9858,13,2507,0,0,51,12363,0,1,51,12364,California
San Mateo,2021-01-02,398,12763,269,10127,129,2636,0,0,398,12761,0,1,398,12762,California
San Mateo,2021-01-03,282,13045,207,10334,75,2711,0,0,279,13037,3,4,279,13041,California
San Mateo,2021-01-04,1053,14098,680,11014,373,3084,0,0,1053,14090,0,4,1053,14094,California
San Mateo,2021-01-05,1200,15298,705,11719,495,3579,0,0,1171,15233,29,33,1172,15266,California
San Mateo,2021-01-06,1447,16745,950,12669,497,4076,0,0,1266,16321,179,212,1267,16533,California
San Mateo,2021-01-07,1453,18198,807,13476,646,4722,0,0,1164,17204,282,494,1165,17698,California
San Mateo,2021-01-08,1840,20038,1191,14667,649,5371,0,0,1141,17654,692,1186,1142,18840,California
San Mateo,2021-01-09,1180,21218,776,15443,404,5775,0,0,723,17920,457,1643,723,19563,California
San Mateo,2021-01-10,702,21920,573,16016,129,5904,0,0,266,17750,436,2079,266,19829,California
San Mateo,2021-01-11,2594,24514,1485,17501,1109,7013,0,0,1528,18213,1067,3146,1530,21359,California
San Mateo,2021-01-12,3279,27793,1771,19272,1508,8521,0,0,2097,19133,1180,4326,2100,23459,California
San Mateo,2021-01-13,3477,31270,1750,21022,1727,10248,0,0,2444,20547,1033,5359,2447,25906,California
San Mateo,2021-01-14,3776,35046,1583,22605,2193,12441,0,0,3092,22960,684,6043,3097,29003,California
San Mateo,2021-01-15,4330,39376,1710,24315,2620,15061,0,0,3802,26238,526,6569,3804,32807,California
San Mateo,2021-01-16,3084,42460,776,25091,2308,17369,0,0,2765,28684,319,6888,2765,35572,California
San Mateo,2021-01-17,1311,43771,309,25400,1002,18371,0,0,1102,29577,209,7097,1102,36674,California
San Mateo,2021-01-18,1365,45136,533,25933,832,19203,0,0,990,30199,372,7469,994,37668,California
San Mateo,2021-01-19,2794,47930,1784,27717,1010,20213,0,0,2002,31412,789,8258,2002,39670,California
San Mateo,2021-01-20,2659,50589,1404,29121,1255,21468,0,0,1814,32385,842,9100,1815,41485,California
San Mateo,2021-01-21,2828,53417,1280,30401,1548,23016,0,0,2247,34055,580,9680,2250,43735,California
San Mateo,2021-01-22,2786,56203,1129,31530,1657,24673,0,0,2487,36246,297,9977,2488,46223,California
San Mateo,2021-01-23,2884,59087,1689,33219,1195,25868,0,0,2520,38403,364,10341,2521,48744,California
San Mateo,2021-01-24,1519,60606,374,33593,1145,27013,0,0,1209,39303,309,10650,1209,49953,California
San Mateo,2021-01-25,4429,65035,3146,36739,1283,28296,0,0,3534,41947,893,11543,3537,53490,California
San Mateo,2021-01-26,4298,69333,2983,39722,1315,29611,0,0,3394,44438,903,12446,3394,56884,California
San Mateo,2021-01-27,2780,72113,1463,41185,1317,30928,0,0,1785,45236,988,13434,1786,58670,California
San Mateo,2021-01-28,2796,74909,1349,42534,1447,32375,0,0,1948,46351,833,14267,1948,60618,California
San Mateo,2021-01-29,2976,77885,1335,43869,1641,34016,0,0,2144,47669,829,15096,2147,62765,California
San Mateo,2021-01-30,3375,81260,1476,45345,1899,35915,0,0,2918,50132,456,15552,2919,65684,California
San Mateo,2021-01-31,1681,82941,897,46242,784,36699,0,0,1518,51489,161,15713,1518,67202,California
San Mateo,2021-02-01,2924,85865,1345,47587,1579,38278,0,0,2216,53002,704,16417,2217,69419,California
San Mateo,2021-02-02,3172,89037,1728,49315,1444,39722,0,0,2157,54147,1012,17429,2157,71576,California
San Mateo,2021-02-03,4878,93915,1946,51261,2932,42654,0,0,3825,56923,1050,18479,3826,75402,California
San Mateo,2021-02-04,6286,100201,2587,53848,3699,46353,0,0,4928,60502,1352,19831,4931,80333,California
San Mateo,2021-02-05,6795,106996,2554,56402,4241,50594,0,0,4968,63660,1810,21641,4968,85301,California
San Mateo,2021-02-06,3282,110278,1917,58319,1365,51959,0,0,2618,65617,663,22304,2620,87921,California
San Mateo,2021-02-07,1897,112175,1343,59662,554,52513,0,0,1710,67140,187,22491,1710,89631,California
San Mateo,2021-02-08,5276,117451,2244,61906,3032,55545,0,0,3103,68134,2109,24600,3103,92734,California
San Mateo,2021-02-09,6182,123633,3220,65126,2962,58507,0,0,3338,68632,2840,27440,3338,96072,California
San Mateo,2021-02-10,6500,130133,3273,68399,3227,61734,0,0,3545,69231,2946,30386,3545,99617,California
San Mateo,2021-02-11,7051,137184,3580,71979,3471,65205,0,0,3813,69818,3229,33615,3816,103433,California
San Mateo,2021-02-12,6614,143798,2949,74928,3665,68870,0,0,4702,72613,1909,35524,4704,108137,California
San Mateo,2021-02-13,6088,149886,3991,78919,2097,70967,0,0,2637,71803,3447,38971,2637,110774,California
San Mateo,2021-02-14,4630,154516,3016,81935,1614,72581,0,0,1980,71138,2646,41617,1981,112755,California
San Mateo,2021-02-15,3166,157682,1457,83392,1709,74290,0,0,1788,71553,1374,42991,1789,114544,California
San Mateo,2021-02-16,7148,164830,1874,85266,5274,79564,0,0,5284,74976,1863,44854,5286,119830,California
San Mateo,2021-02-17,7056,171886,1934,87200,5122,84686,0,0,5069,78065,1982,46836,5071,124901,California
San Mateo,2021-02-18,6692,178578,4624,91824,2068,86754,0,0,4448,80275,2240,49076,4450,129351,California
San Mateo,2021-02-19,7809,186387,5609,97433,2200,88954,0,0,5819,84110,1984,51060,5819,135170,California
San Mateo,2021-02-20,3732,190119,2417,99850,1315,90269,0,0,2307,84999,1418,52478,2307,137477,California
San Mateo,2021-02-21,2304,192423,1463,101313,841,91110,0,0,1259,85218,1040,53518,1259,138736,California
San Mateo,2021-02-22,4418,196841,3195,104508,1223,92333,0,0,2784,86374,1628,55146,2784,141520,California
San Mateo,2021-02-23,4285,201126,3041,107549,1244,93577,0,0,2480,87055,1799,56945,2480,144000,California
San Mateo,2021-02-24,7265,208391,3247,110796,4018,97595,0,0,4844,89484,2416,59361,4845,148845,California
San Mateo,2021-02-25,9081,217472,4008,114804,5073,102668,0,0,6015,92448,3051,62412,6015,154860,California
San Mateo,2021-02-26,9759,227231,3712,118516,6047,108715,0,0,6838,96382,2908,65320,6842,161702,California
San Mateo,2021-02-27,6680,233911,3412,121928,3267,111982,1,1,3630,96973,3045,68365,3636,165338,California
San Mateo,2021-02-28,4123,238034,2505,124433,1618,113600,0,1,2554,97964,1564,69929,2555,167893,California
San Mateo,2021-03-01,5631,243665,3520,127953,2111,115711,0,1,2785,97915,2834,72763,2785,170678,California
San Mateo,2021-03-02,5780,249445,3975,131928,1804,117515,1,2,3329,98803,2443,75206,3331,174009,California
San Mateo,2021-03-03,8324,257769,3890,135818,4433,121948,1,3,3598,97687,4715,79921,3599,177608,California
San Mateo,2021-03-04,8402,266171,3932,139750,4468,126416,2,5,3799,96904,4586,84507,3803,181411,California
San Mateo,2021-03-05,9076,275247,5976,145726,3097,129513,3,8,6412,100679,2644,87151,6419,187830,California
San Mateo,2021-03-06,7837,283084,5428,151154,2233,131746,176,184,5729,104484,2099,89250,5904,193734,California
San Mateo,2021-03-07,3466,286550,2313,153467,1086,132832,67,251,2004,105097,1458,90708,2071,195805,California
San Mateo,2021-03-08,4427,290977,2469,155936,1741,134573,217,468,3208,107312,1211,91919,3426,199231,California
San Mateo,2021-03-09,4545,295522,2119,158055,2153,136726,273,741,3002,109050,1536,93455,3274,202505,California
San Mateo,2021-03-10,6914,302436,2641,160696,3988,140714,285,1026,4565,111563,2336,95791,4849,207354,California
San Mateo,2021-03-11,9116,311552,5722,166418,3003,143717,391,1417,3705,110275,5383,101174,4095,211449,California
San Mateo,2021-03-12,10486,322038,6603,173021,3508,147225,375,1792,3493,107168,6976,108150,3869,215318,California
San Mateo,2021-03-13,8098,330136,3415,176436,3058,150283,1625,3417,3911,108524,4176,112326,5532,220850,California
San Mateo,2021-03-14,4933,335069,3301,179737,1525,151808,107,3524,2903,109511,2023,114349,3010,223860,California
San Mateo,2021-03-15,7121,342190,4573,184310,2372,154180,176,3700,3765,110102,3350,117699,3941,227801,California
San Mateo,2021-03-16,11905,354095,4354,188664,7428,161608,123,3823,4855,108047,7035,124734,4980,232781,California
San Mateo,2021-03-17,10784,364879,4357,193021,6303,167911,124,3947,4888,107190,5873,130607,5016,237797,California
San Mateo,2021-03-18,7227,372106,4028,197049,3016,170927,183,4130,4305,108758,2918,133525,4486,242283,California
San Mateo,2021-03-19,7358,379464,4718,201767,1973,172900,667,4797,3609,109295,3739,137264,4276,246559,California
San Mateo,2021-03-20,8275,387739,6424,208191,1517,174417,334,5131,5404,112177,2856,140120,5738,252297,California
San Mateo,2021-03-21,4145,391884,3121,211312,793,175210,231,5362,2343,112956,1792,141912,2571,254868,California
San Mateo,2021-03-22,5214,397098,3540,214852,1257,176467,417,5779,2861,113893,2342,144254,3279,258147,California
San Mateo,2021-03-23,9762,406860,4436,219288,5130,181597,196,5975,4650,113655,5083,149337,4845,262992,California
San Mateo,2021-03-24,9424,416284,5428,224716,3856,185453,140,6115,4102,112635,5259,154596,4239,267231,California
San Mateo,2021-03-25,9999,426283,4868,229584,4863,190316,268,6383,4413,111834,5485,160081,4684,271915,California
San Mateo,2021-03-26,11132,437415,7655,237239,3312,193628,165,6548,4451,109806,6645,166726,4617,276532,California
San Mateo,2021-03-27,10425,447840,7960,245199,2361,195989,104,6652,4696,108892,5711,172437,4797,281329,California
San Mateo,2021-03-28,4213,452053,2700,247899,1402,197391,111,6763,2105,109010,2099,174536,2217,283546,California
San Mateo,2021-03-29,6007,458060,3742,251641,2013,199404,252,7015,2851,108974,3139,177675,3103,286649,California
San Mateo,2021-03-30,7055,465115,3997,255638,2905,202309,153,7168,4458,111002,2583,180258,4611,291260,California
San Mateo,2021-03-31,7192,472307,4545,260183,2509,204818,138,7306,4056,112075,3121,183379,4194,295454,California
San Mateo,2021-04-01,10381,482688,5091,265274,4111,208929,1179,8485,5574,114054,4772,188151,6751,302205,California
San Mateo,2021-04-02,10604,493292,5056,270330,3988,212917,1560,10045,5555,116137,5032,193183,7115,309320,California
San Mateo,2021-04-03,9626,502918,5466,275796,2430,215347,1730,11775,4848,117942,4774,197957,6579,315899,California
San Mateo,2021-04-04,5380,508298,2594,278390,1540,216887,1246,13021,1705,117226,3666,201623,2950,318849,California
San Mateo,2021-04-05,8926,517224,4747,283137,2445,219332,1734,14755,3852,117747,5064,206687,5585,324434,California
San Mateo,2021-04-06,13067,530291,8181,291318,3036,222368,1850,16605,7463,121476,5592,212279,9321,333755,California
San Mateo,2021-04-07,11304,541595,5241,296559,4393,226761,1670,18275,4799,121454,6485,218764,6463,340218,California
San Mateo,2021-04-08,9996,551591,4996,301555,2442,229203,2558,20833,4435,122892,5548,224312,6986,347204,California
San Mateo,2021-04-09,11201,562792,5432,306987,3297,232500,2472,23305,5043,124247,6156,230468,7511,354715,California
San Mateo,2021-04-10,11097,573889,5643,312630,4038,236538,1416,24721,4599,123783,6476,236944,6012,360727,California
San Mateo,2021-04-11,6594,580483,3267,315897,880,237418,2447,27168,2326,124289,4262,241206,4768,365495,California
San Mateo,2021-04-12,7286,587769,4460,320357,1871,239289,955,28123,3540,125055,3730,244936,4496,369991,California
San Mateo,2021-04-13,8098,595867,5057,325414,3032,242321,9,28132,4285,125544,3807,248743,4296,374287,California
San Mateo,2021-04-14,8324,604191,5413,330827,2909,245230,2,28134,4306,125850,4008,252751,4314,378601,California
San Mateo,2021-04-15,10935,615126,7265,338092,3669,248899,1,28135,7176,129293,3736,256487,7179,385780,California
San Mateo,2021-04-16,9922,625048,6857,344949,3049,251948,16,28151,6319,132044,3589,260076,6340,392120,California
San Mateo,2021-04-17,9589,634637,6403,351352,3183,255131,3,28154,6080,134631,3501,263577,6088,398208,California
San Mateo,2021-04-18,5387,640024,2580,353932,2807,257938,0,28154,3652,136564,1725,265302,3658,401866,California
San Mateo,2021-04-19,8309,648333,5403,359335,2906,260844,0,28154,5394,139058,2907,268209,5401,407267,California
San Mateo,2021-04-20,10186,658519,5648,364983,4538,265382,0,28154,6548,141994,3622,271831,6558,413825,California
San Mateo,2021-04-21,8895,667414,6010,370993,2885,268267,0,28154,5501,144119,3383,275214,5508,419333,California
San Mateo,2021-04-22,9087,676501,6203,377196,2883,271150,1,28155,5198,145461,3862,279076,5204,424537,California
San Mateo,2021-04-23,9303,685804,6090,383286,3213,274363,0,28155,5189,146574,4091,283167,5204,429741,California
San Mateo,2021-04-24,11182,696986,7995,391281,3187,277550,0,28155,6035,147488,5129,288296,6043,435784,California
San Mateo,2021-04-25,5481,702467,3848,395129,1632,279182,1,28156,3895,149817,1576,289872,3905,439689,California
San Mateo,2021-04-26,5924,708391,4340,399469,1577,280759,7,28163,3436,150788,2483,292355,3454,443143,California
San Mateo,2021-04-27,10600,718991,7510,406979,2986,283745,104,28267,4223,148762,6357,298712,4331,447474,California
San Mateo,2021-04-28,7159,726150,4053,411032,2904,286649,202,28469,3754,149325,3396,302108,3959,451433,California
San Mateo,2021-04-29,5896,732046,2427,413459,3306,289955,163,28632,2504,148624,3376,305484,2675,454108,California
San Mateo,2021-04-30,5336,737382,3441,416900,1885,291840,10,28642,2205,147727,3121,308605,2224,456332,California
Santa Barbara,2020-12-15,2,2,2,2,0,0,0,0,2,2,0,0,2,2,California
Santa Barbara,2020-12-16,2,4,2,4,0,0,0,0,2,4,0,0,2,4,California
Santa Barbara,2020-12-17,54,58,54,58,0,0,0,0,54,58,0,0,54,58,California
Santa Barbara,2020-12-18,378,436,377,435,1,1,0,0,378,436,0,0,378,436,California
Santa Barbara,2020-12-19,325,761,325,760,0,1,0,0,325,761,0,0,325,761,California
Santa Barbara,2020-12-20,235,996,235,995,0,1,0,0,235,996,0,0,235,996,California
Santa Barbara,2020-12-21,651,1647,649,1644,2,3,0,0,651,1647,0,0,651,1647,California
Santa Barbara,2020-12-22,243,1890,241,1885,2,5,0,0,243,1890,0,0,243,1890,California
Santa Barbara,2020-12-23,320,2210,202,2087,118,123,0,0,320,2210,0,0,320,2210,California
Santa Barbara,2020-12-24,88,2298,40,2127,48,171,0,0,88,2298,0,0,88,2298,California
Santa Barbara,2020-12-26,326,2624,66,2193,260,431,0,0,326,2624,0,0,326,2624,California
Santa Barbara,2020-12-27,62,2686,1,2194,61,492,0,0,62,2686,0,0,62,2686,California
Santa Barbara,2020-12-28,356,3042,223,2417,133,625,0,0,356,3042,0,0,356,3042,California
Santa Barbara,2020-12-29,554,3596,360,2777,194,819,0,0,554,3596,0,0,554,3596,California
Santa Barbara,2020-12-30,587,4183,405,3182,182,1001,0,0,587,4183,0,0,587,4183,California
Santa Barbara,2020-12-31,240,4423,114,3296,126,1127,0,0,240,4423,0,0,240,4423,California
Santa Barbara,2021-01-01,110,4533,108,3404,2,1129,0,0,110,4533,0,0,110,4533,California
Santa Barbara,2021-01-02,587,5120,223,3627,364,1493,0,0,587,5120,0,0,587,5120,California
Santa Barbara,2021-01-03,23,5143,15,3642,8,1501,0,0,23,5143,0,0,23,5143,California
Santa Barbara,2021-01-04,309,5452,246,3888,63,1564,0,0,308,5451,0,0,308,5451,California
Santa Barbara,2021-01-05,752,6204,379,4267,373,1937,0,0,725,6149,27,27,725,6176,California
Santa Barbara,2021-01-06,655,6859,276,4543,379,2316,0,0,596,6687,58,85,596,6772,California
Santa Barbara,2021-01-07,1033,7892,711,5254,322,2638,0,0,527,6712,502,587,527,7299,California
Santa Barbara,2021-01-08,1201,9093,840,6094,361,2999,0,0,708,6927,493,1080,708,8007,California
Santa Barbara,2021-01-09,566,9659,293,6387,273,3272,0,0,320,7001,246,1326,320,8327,California
Santa Barbara,2021-01-10,62,9721,50,6437,12,3284,0,0,46,7031,16,1342,46,8373,California
Santa Barbara,2021-01-11,837,10558,668,7105,169,3453,0,0,614,7423,222,1564,614,8987,California
Santa Barbara,2021-01-12,1426,11984,634,7739,792,4245,0,0,1270,8537,156,1720,1270,10257,California
Santa Barbara,2021-01-13,1227,13211,280,8019,947,5192,0,0,1101,9512,126,1846,1101,11358,California
Santa Barbara,2021-01-14,1250,14461,134,8153,1116,6308,0,0,1196,10656,53,1899,1197,12555,California
Santa Barbara,2021-01-15,1801,16262,419,8572,1382,7690,0,0,1720,12296,80,1979,1720,14275,California
Santa Barbara,2021-01-16,1272,17534,202,8774,1070,8760,0,0,1233,13491,38,2017,1233,15508,California
Santa Barbara,2021-01-17,123,17657,20,8794,103,8863,0,0,120,13608,3,2020,120,15628,California
Santa Barbara,2021-01-18,1151,18808,417,9211,734,9597,0,0,966,14389,185,2205,966,16594,California
Santa Barbara,2021-01-19,1638,20446,569,9780,1069,10666,0,0,1360,15472,277,2482,1360,17954,California
Santa Barbara,2021-01-20,2013,22459,462,10242,1551,12217,0,0,1710,16880,302,2784,1710,19664,California
Santa Barbara,2021-01-21,3087,25546,1818,12060,1269,13486,0,0,2929,19652,158,2942,2930,22594,California
Santa Barbara,2021-01-22,3013,28559,1862,13922,1151,14637,0,0,2856,22354,154,3096,2856,25450,California
Santa Barbara,2021-01-23,1734,30293,1106,15028,628,15265,0,0,1224,23069,509,3605,1224,26674,California
Santa Barbara,2021-01-24,844,31137,752,15780,92,15357,0,0,835,23895,9,3614,835,27509,California
Santa Barbara,2021-01-25,1242,32379,500,16280,742,16099,0,0,1002,24657,240,3854,1002,28511,California
Santa Barbara,2021-01-26,2048,34427,468,16748,1580,17679,0,0,1660,25931,386,4240,1660,30171,California
Santa Barbara,2021-01-27,1163,35590,400,17148,763,18442,0,0,903,26576,259,4499,904,31075,California
Santa Barbara,2021-01-28,893,36483,297,17445,596,19038,0,0,679,27044,211,4710,679,31754,California
Santa Barbara,2021-01-29,1334,37817,539,17984,795,19833,0,0,981,27677,350,5060,983,32737,California
Santa Barbara,2021-01-30,1890,39707,1418,19402,472,20305,0,0,1486,28762,401,5461,1486,34223,California
Santa Barbara,2021-01-31,1454,41161,1216,20618,238,20543,0,0,1415,30138,39,5500,1415,35638,California
Santa Barbara,2021-02-01,940,42101,518,21136,422,20965,0,0,553,30304,387,5887,553,36191,California
Santa Barbara,2021-02-02,1821,43922,699,21835,1122,22087,0,0,1046,30577,773,6660,1046,37237,California
Santa Barbara,2021-02-03,1941,45863,1078,22913,863,22950,0,0,1499,31644,432,7092,1499,38736,California
Santa Barbara,2021-02-04,2774,48637,1862,24775,912,23862,0,0,2479,33833,290,7382,2479,41215,California
Santa Barbara,2021-02-05,2905,51542,2060,26835,845,24707,0,0,2262,35453,642,8024,2262,43477,California
Santa Barbara,2021-02-06,1207,52749,339,27174,868,25575,0,0,796,35838,411,8435,796,44273,California
Santa Barbara,2021-02-07,300,53049,262,27436,38,25613,0,0,265,36069,34,8469,265,44538,California
Santa Barbara,2021-02-08,955,54004,311,27747,644,26257,0,0,669,36452,286,8755,669,45207,California
Santa Barbara,2021-02-09,2438,56442,313,28060,2125,28382,0,0,1120,36263,1309,10064,1120,46327,California
Santa Barbara,2021-02-10,2762,59204,1498,29558,1264,29646,0,0,803,35116,1950,12014,803,47130,California
Santa Barbara,2021-02-11,4181,63385,2804,32362,1377,31023,0,0,623,32188,3551,15565,623,47753,California
Santa Barbara,2021-02-12,3308,66693,948,33310,2360,33383,0,0,772,30429,2531,18096,772,48525,California
Santa Barbara,2021-02-13,1235,67928,341,33651,894,34277,0,0,561,30319,671,18767,561,49086,California
Santa Barbara,2021-02-14,331,68259,34,33685,297,34574,0,0,285,30558,46,18813,285,49371,California
Santa Barbara,2021-02-15,965,69224,337,34022,628,35202,0,0,492,30582,468,19281,492,49863,California
Santa Barbara,2021-02-16,2109,71333,397,34419,1712,36914,0,0,716,29909,1389,20670,716,50579,California
Santa Barbara,2021-02-17,1434,72767,320,34739,1114,38028,0,0,521,29519,911,21581,521,51100,California
Santa Barbara,2021-02-18,3252,76019,2647,37386,605,38633,0,0,1519,29339,1699,23280,1519,52619,California
Santa Barbara,2021-02-19,3595,79614,2642,40028,953,39586,0,0,2329,30405,1263,24543,2329,54948,California
Santa Barbara,2021-02-20,2220,81834,1434,41462,786,40372,0,0,1668,31530,543,25086,1668,56616,California
Santa Barbara,2021-02-21,125,81959,97,41559,28,40400,0,0,58,31521,67,25153,58,56674,California
Santa Barbara,2021-02-22,935,82894,245,41804,690,41090,0,0,260,31112,669,25822,260,56934,California
Santa Barbara,2021-02-23,3182,86076,1044,42848,2138,43228,0,0,419,28770,2761,28583,419,57353,California
Santa Barbara,2021-02-24,3196,89272,1087,43935,2109,45337,0,0,721,27026,2465,31048,721,58074,California
Santa Barbara,2021-02-25,3450,92722,1917,45852,1533,46870,0,0,984,25552,2459,33507,985,59059,California
Santa Barbara,2021-02-26,3663,96385,2174,48026,1489,48359,0,0,1979,25854,1677,35184,1979,61038,California
Santa Barbara,2021-02-27,1527,97912,562,48588,965,49324,0,0,846,26027,675,35859,848,61886,California
Santa Barbara,2021-02-28,1084,98996,221,48809,863,50187,0,0,892,26733,187,36046,893,62779,California
Santa Barbara,2021-03-01,1629,100625,463,49272,1166,51353,0,0,1081,27278,537,36583,1082,63861,California
Santa Barbara,2021-03-02,2616,103241,413,49685,2203,53556,0,0,2120,28915,484,37067,2121,65982,California
Santa Barbara,2021-03-03,4625,107866,2099,51784,2525,56081,1,1,4031,32366,584,37651,4035,70017,California
Santa Barbara,2021-03-04,3413,111279,2280,54064,1133,57214,0,1,2861,34683,544,38195,2861,72878,California
Santa Barbara,2021-03-05,3807,115086,2158,56222,1590,58804,59,60,3083,37107,718,38913,3142,76020,California
Santa Barbara,2021-03-06,2434,117520,725,56947,1489,60293,220,280,1667,38230,763,39676,1886,77906,California
Santa Barbara,2021-03-07,559,118079,122,57069,308,60601,129,409,381,38564,177,39853,511,78417,California
Santa Barbara,2021-03-08,1572,119651,376,57445,854,61455,342,751,792,38924,774,40627,1134,79551,California
Santa Barbara,2021-03-09,2768,122419,324,57769,1674,63129,770,1521,719,38363,2046,42673,1485,81036,California
Santa Barbara,2021-03-10,2750,125169,544,58313,1159,64288,1047,2568,1033,38732,1711,44384,2080,83116,California
Santa Barbara,2021-03-11,5571,130740,3029,61342,1430,65718,1112,3680,2281,38842,3278,47662,3388,86504,California
Santa Barbara,2021-03-12,3656,134396,2092,63434,1135,66853,429,4109,2172,39964,1476,49138,2598,89102,California
Santa Barbara,2021-03-13,3470,137866,1923,65357,1338,68191,209,4318,2693,42091,776,49914,2903,92005,California
Santa Barbara,2021-03-14,776,138642,367,65724,352,68543,57,4375,458,42288,318,50232,515,92520,California
Santa Barbara,2021-03-15,2103,140745,694,66418,1118,69661,291,4666,1267,43011,833,51065,1556,94076,California
Santa Barbara,2021-03-16,3724,144469,1170,67588,2213,71874,341,5007,2741,45113,980,52045,3082,97158,California
Santa Barbara,2021-03-17,3295,147764,970,68558,1920,73794,405,5412,2305,46833,988,53033,2708,99866,California
Santa Barbara,2021-03-18,5118,152882,2797,71355,2121,75915,200,5612,3898,49723,1208,54241,4098,103964,California
Santa Barbara,2021-03-19,4437,157319,2764,74119,1341,77256,332,5944,3049,51719,1384,55625,3380,107344,California
Santa Barbara,2021-03-20,2161,159480,827,74946,1323,78579,11,5955,1327,52224,832,56457,1337,108681,California
Santa Barbara,2021-03-21,1162,160642,382,75328,751,79330,29,5984,838,52768,323,56780,867,109548,California
Santa Barbara,2021-03-22,2775,163417,1912,77240,819,80149,44,6028,2223,54490,545,57325,2267,111815,California
Santa Barbara,2021-03-23,4469,167886,2248,79488,2125,82274,96,6124,3709,57545,750,58075,3805,115620,California
Santa Barbara,2021-03-24,5384,173270,3155,82643,1496,83770,733,6857,2956,58824,2409,60484,3688,119308,California
Santa Barbara,2021-03-25,5541,178811,3275,85918,2079,85849,187,7044,2772,59029,2754,63238,2959,122267,California
Santa Barbara,2021-03-26,5075,183886,3217,89135,1560,87409,298,7342,2236,58740,2823,66061,2534,124801,California
Santa Barbara,2021-03-27,2924,186810,1221,90356,1660,89069,43,7385,1593,59048,1326,67387,1634,126435,California
Santa Barbara,2021-03-28,2768,189578,1646,92002,1094,90163,28,7413,1885,60084,878,68265,1914,128349,California
Santa Barbara,2021-03-29,4040,193618,2086,94088,1885,92048,69,7482,3232,62583,802,69067,3301,131650,California
Santa Barbara,2021-03-30,6785,200403,3506,97594,3131,95179,148,7630,4561,65081,2209,71276,4707,136357,California
Santa Barbara,2021-03-31,8634,209037,5511,103105,3058,98237,65,7695,5057,66642,3561,74837,5122,141479,California
Santa Barbara,2021-04-01,6987,216024,5172,108277,1557,99794,258,7953,4143,68210,2831,77668,4399,145878,California
Santa Barbara,2021-04-02,6587,222611,4518,112795,1477,101271,592,8545,3377,68975,3203,80871,3968,149846,California
Santa Barbara,2021-04-03,3779,226390,2098,114893,1613,102884,68,8613,2491,70249,1284,82155,2558,152404,California
Santa Barbara,2021-04-04,896,227286,444,115337,412,103296,40,8653,498,70391,396,82551,538,152942,California
Santa Barbara,2021-04-05,3442,230728,2270,117607,915,104211,257,8910,2153,71518,1283,83834,2410,155352,California
Santa Barbara,2021-04-06,5436,236164,2804,120411,2098,106309,534,9444,3322,73272,2100,85934,3854,159206,California
Santa Barbara,2021-04-07,5976,242140,3277,123688,2159,108468,540,9984,4071,75987,1894,87828,4609,163815,California
Santa Barbara,2021-04-08,7373,249513,5023,128711,637,109105,1713,11697,3406,77139,3965,91793,5117,168932,California
Santa Barbara,2021-04-09,7281,256794,4860,133571,1076,110181,1345,13042,3296,77798,3978,95771,4637,173569,California
Santa Barbara,2021-04-10,6635,263429,4596,138167,1423,111604,616,13658,4515,80812,2116,97887,5130,178699,California
Santa Barbara,2021-04-11,2653,266082,1941,140108,414,112018,298,13956,1834,82126,814,98701,2128,180827,California
Santa Barbara,2021-04-12,4442,270524,2864,142972,1024,113042,554,14510,1937,82116,2499,101200,2489,183316,California
Santa Barbara,2021-04-13,6294,276818,4136,147108,2152,115194,6,14516,2609,81047,3683,104883,2614,185930,California
Santa Barbara,2021-04-14,6736,283554,4413,151521,2321,117515,2,14518,4222,82765,2505,107388,4223,190153,California
Santa Barbara,2021-04-15,6936,290490,4091,155612,2844,120359,1,14519,3844,83531,3080,110468,3846,193999,California
Santa Barbara,2021-04-16,6372,296862,3746,159358,2615,122974,11,14530,4393,85970,1964,112432,4403,198402,California
Santa Barbara,2021-04-17,5307,302169,3867,163225,1440,124414,0,14530,4103,88877,1196,113628,4103,202505,California
Santa Barbara,2021-04-18,2121,304290,1472,164697,649,125063,0,14530,370,87501,1747,115375,371,202876,California
Santa Barbara,2021-04-19,3198,307488,2217,166914,976,126039,5,14535,1002,86316,2193,117568,1008,203884,California
Santa Barbara,2021-04-20,5870,313358,3948,170862,1921,127960,1,14536,1660,83778,4198,121766,1660,205544,California
Santa Barbara,2021-04-21,5476,318834,3638,174500,1838,129798,0,14536,1750,81814,3714,125480,1750,207294,California
Santa Barbara,2021-04-22,5068,323902,2545,177045,2522,132320,1,14537,1463,79687,3592,129072,1465,208759,California
Santa Barbara,2021-04-23,5527,329429,3874,180919,1653,133973,0,14537,1953,78076,3564,132636,1953,210712,California
Santa Barbara,2021-04-24,4418,333847,2876,183795,1537,135510,5,14542,1665,77001,2745,135381,1670,212382,California
Santa Barbara,2021-04-25,1832,335679,1186,184981,646,136156,0,14542,500,76177,1324,136705,500,212882,California
Santa Barbara,2021-04-26,2852,338531,1775,186756,1057,137213,20,14562,430,74211,2416,139121,450,213332,California
Santa Barbara,2021-04-27,3558,342089,1982,188738,1489,138702,87,14649,1074,72895,2476,141597,1160,214492,California
Santa Barbara,2021-04-28,4644,346733,2729,191467,1800,140502,115,14764,1305,70988,3328,144925,1421,215913,California
Santa Barbara,2021-04-29,3252,349985,2150,193617,956,141458,146,14910,1083,70059,2159,147084,1230,217143,California
Santa Barbara,2021-04-30,1887,351872,1308,194925,501,141959,78,14988,829,69912,1053,148137,906,218049,California
Santa Clara,2020-12-15,65,65,65,65,0,0,0,0,65,65,0,0,65,65,California
Santa Clara,2020-12-16,136,201,136,201,0,0,0,0,136,201,0,0,136,201,California
Santa Clara,2020-12-17,392,593,392,593,0,0,0,0,392,593,0,0,392,593,California
Santa Clara,2020-12-18,1673,2266,1673,2266,0,0,0,0,1673,2266,0,0,1673,2266,California
Santa Clara,2020-12-19,2077,4343,2077,4343,0,0,0,0,2076,4342,0,0,2076,4342,California
Santa Clara,2020-12-20,1897,6240,1891,6234,6,6,0,0,1894,6236,0,0,1894,6236,California
Santa Clara,2020-12-21,2670,8910,2670,8904,0,6,0,0,2668,8904,0,0,2668,8904,California
Santa Clara,2020-12-22,3122,12032,3113,12017,9,15,0,0,3119,12023,0,0,3119,12023,California
Santa Clara,2020-12-23,3257,15289,3072,15089,185,200,0,0,3255,15278,0,0,3255,15278,California
Santa Clara,2020-12-24,1897,17186,1711,16800,186,386,0,0,1891,17168,1,1,1891,17169,California
Santa Clara,2020-12-25,343,17529,342,17142,1,387,0,0,343,17511,0,1,343,17512,California
Santa Clara,2020-12-26,1263,18792,1031,18173,232,619,0,0,1262,18773,0,1,1262,18774,California
Santa Clara,2020-12-27,647,19439,507,18680,140,759,0,0,647,19420,0,1,647,19421,California
Santa Clara,2020-12-28,2330,21769,1728,20408,602,1361,0,0,2330,21750,0,1,2330,21751,California
Santa Clara,2020-12-29,2327,24096,1467,21875,860,2221,0,0,2325,24075,0,1,2325,24076,California
Santa Clara,2020-12-30,2991,27087,1900,23775,1091,3312,0,0,2989,27062,2,3,2989,27065,California
Santa Clara,2020-12-31,1210,28297,386,24161,824,4136,0,0,1209,28270,1,4,1209,28274,California
Santa Clara,2021-01-01,141,28438,10,24171,131,4267,0,0,140,28409,1,5,140,28414,California
Santa Clara,2021-01-02,1081,29519,812,24983,269,4536,0,0,1081,29490,0,5,1081,29495,California
Santa Clara,2021-01-03,583,30102,368,25351,215,4751,0,0,578,30065,3,8,578,30073,California
Santa Clara,2021-01-04,2468,32570,1669,27020,799,5550,0,0,2465,32530,0,8,2465,32538,California
Santa Clara,2021-01-05,3064,35634,2008,29028,1056,6606,0,0,2876,35225,187,195,2882,35420,California
Santa Clara,2021-01-06,3324,38958,1958,30986,1366,7972,0,0,2750,37406,570,765,2751,38171,California
Santa Clara,2021-01-07,4214,43172,2556,33542,1658,9630,0,0,3146,39499,1058,1823,3151,41322,California
Santa Clara,2021-01-08,5841,49013,3818,37360,2023,11653,0,0,3789,41240,2048,3871,3789,45111,California
Santa Clara,2021-01-09,2971,51984,1863,39223,1108,12761,0,0,1687,41646,1284,5155,1690,46801,California
Santa Clara,2021-01-10,1956,53940,1512,40735,444,13205,0,0,743,41177,1212,6367,743,47544,California
Santa Clara,2021-01-11,5937,59877,3737,44472,2200,15405,0,0,3375,41996,2561,8928,3380,50924,California
Santa Clara,2021-01-12,6802,66679,3399,47871,3403,18808,0,0,4559,44314,2242,11170,4560,55484,California
Santa Clara,2021-01-13,7363,74042,3043,50914,4320,23128,0,0,5197,47348,2164,13334,5198,60682,California
Santa Clara,2021-01-14,8223,82265,2789,53703,5434,28562,0,0,6485,52102,1733,15067,6487,67169,California
Santa Clara,2021-01-15,9451,91716,2682,56385,6769,35331,0,0,8135,58929,1313,16380,8140,75309,California
Santa Clara,2021-01-16,4299,96015,1226,57611,3073,38404,0,0,3467,61568,828,17208,3467,78776,California
Santa Clara,2021-01-17,3215,99230,603,58214,2612,41016,0,0,2718,63789,497,17705,2718,81494,California
Santa Clara,2021-01-18,5086,104316,1150,59364,3936,44952,0,0,4534,67772,552,18257,4535,86029,California
Santa Clara,2021-01-19,8467,112783,2664,62028,5803,50755,0,0,6793,72897,1671,19928,6796,92825,California
Santa Clara,2021-01-20,7996,120779,4024,66052,3972,54727,0,0,6455,77816,1536,21464,6455,99280,California
Santa Clara,2021-01-21,8553,129332,3647,69699,4906,59633,0,0,7399,84065,1152,22616,7401,106681,California
Santa Clara,2021-01-22,8582,137914,3202,72901,5380,65013,0,0,8019,91525,562,23178,8022,114703,California
Santa Clara,2021-01-23,3781,141695,1688,74589,2093,67106,0,0,2823,93391,958,24136,2824,117527,California
Santa Clara,2021-01-24,2824,144519,1421,76010,1403,68509,0,0,2338,95246,483,24619,2338,119865,California
Santa Clara,2021-01-25,8371,152890,3784,79794,4587,73096,0,0,6308,99503,2055,26674,6312,126177,California
Santa Clara,2021-01-26,8233,161123,3764,83558,4469,77565,0,0,6118,103518,2105,28779,6120,132297,California
Santa Clara,2021-01-27,8708,169831,3824,87382,4884,82449,0,0,6786,108404,1901,30680,6787,139084,California
Santa Clara,2021-01-28,9450,179281,3791,91173,5659,88108,0,0,7496,113970,1934,32614,7500,146584,California
Santa Clara,2021-01-29,9502,188783,3938,95111,5564,93672,0,0,7334,119146,2159,34773,7335,153919,California
Santa Clara,2021-01-30,4178,192961,2070,97181,2108,95780,0,0,2973,120922,1198,35971,2974,156893,California
Santa Clara,2021-01-31,2172,195133,1303,98484,869,96649,0,0,1581,121915,588,36559,1581,158474,California
Santa Clara,2021-02-01,7829,202962,3484,101968,4345,100994,0,0,6142,126378,1680,38239,6143,164617,California
Santa Clara,2021-02-02,8517,211479,2872,104840,5645,106639,0,0,6523,130916,1988,40227,6526,171143,California
Santa Clara,2021-02-03,9193,220672,3481,108321,5712,112351,0,0,6917,135569,2270,42497,6923,178066,California
Santa Clara,2021-02-04,10882,231554,4115,112436,6767,119118,0,0,8603,141906,2269,44766,8606,186672,California
Santa Clara,2021-02-05,11902,243456,4343,116779,7559,126677,0,0,8445,146910,3442,48208,8446,195118,California
Santa Clara,2021-02-06,5181,248637,2817,119596,2364,129041,0,0,4018,149771,1159,49367,4020,199138,California
Santa Clara,2021-02-07,3472,252109,2347,121943,1125,130166,0,0,3019,152339,452,49819,3020,202158,California
Santa Clara,2021-02-08,10005,262114,3479,125422,6526,136692,0,0,7290,156929,2701,52520,7291,209449,California
Santa Clara,2021-02-09,11146,273260,3811,129233,7335,144027,0,0,7669,161134,3467,55987,7672,217121,California
Santa Clara,2021-02-10,12621,285881,4895,134128,7726,151753,0,0,6896,162320,5712,61699,6898,224019,California
Santa Clara,2021-02-11,13477,299358,4710,138838,8767,160520,0,0,7683,164224,5780,67479,7684,231703,California
Santa Clara,2021-02-12,14534,313892,4483,143321,10051,170571,0,0,7011,163734,7503,74982,7013,238716,California
Santa Clara,2021-02-13,6061,319953,1449,144770,4612,175183,0,0,2209,162099,3846,78828,2211,240927,California
Santa Clara,2021-02-14,4613,324566,1140,145910,3473,178656,0,0,1468,160425,3144,81972,1470,242397,California
Santa Clara,2021-02-15,6248,330814,2796,148706,3452,182108,0,0,2703,159589,3539,85511,2703,245100,California
Santa Clara,2021-02-16,13755,344569,3994,152700,9761,191869,0,0,6923,159697,6815,92326,6923,252023,California
Santa Clara,2021-02-17,14060,358629,5487,158187,8573,200442,0,0,7045,159750,6997,99323,7050,259073,California
Santa Clara,2021-02-18,14173,372802,8350,166537,5823,206265,0,0,7225,160072,6906,106229,7228,266301,California
Santa Clara,2021-02-19,14792,387594,9516,176053,5276,211541,0,0,8607,162514,6169,112398,8611,274912,California
Santa Clara,2021-02-20,6811,394405,5098,181151,1713,213254,0,0,3674,163060,3128,115526,3674,278586,California
Santa Clara,2021-02-21,3242,397647,2426,183577,816,214070,0,0,1164,162156,2070,117596,1166,279752,California
Santa Clara,2021-02-22,10152,407799,6081,189658,4071,218141,0,0,4736,161487,5406,123002,4737,284489,California
Santa Clara,2021-02-23,11861,419660,7697,197355,4164,222305,0,0,6731,163105,5117,128119,6735,291224,California
Santa Clara,2021-02-24,14122,433782,9092,206447,5030,227335,0,0,8742,166483,5364,133483,8742,299966,California
Santa Clara,2021-02-25,14586,448368,9233,215680,5353,232688,0,0,7874,167671,6691,140174,7879,307845,California
Santa Clara,2021-02-26,14550,462918,8434,224114,6116,238804,0,0,7997,169144,6527,146701,8000,315845,California
Santa Clara,2021-02-27,8054,470972,5494,229608,2559,241363,1,1,4454,170016,3590,150291,4462,320307,California
Santa Clara,2021-02-28,4713,475685,3067,232675,1646,243009,0,1,2203,169718,2501,152792,2203,322510,California
Santa Clara,2021-03-01,14060,489745,7970,240645,6087,249096,3,4,8701,173082,5340,158132,8704,331214,California
Santa Clara,2021-03-02,15844,505589,9382,250027,6462,255558,0,4,10105,177472,5716,163848,10106,341320,California
Santa Clara,2021-03-03,18413,524002,9036,259063,9376,264934,1,5,11442,181987,6934,170782,11449,352769,California
Santa Clara,2021-03-04,16367,540369,8919,267982,7445,272379,3,8,9542,184785,6749,177531,9547,362316,California
Santa Clara,2021-03-05,16447,556816,9128,277110,7194,279573,125,133,9122,186730,7306,184837,9251,371567,California
Santa Clara,2021-03-06,9351,566167,6267,283377,2649,282222,435,568,7046,191919,2292,187129,7481,379048,California
Santa Clara,2021-03-07,6717,572884,4408,287785,2078,284300,231,799,5351,196142,1358,188487,5581,384629,California
Santa Clara,2021-03-08,12833,585717,6678,294463,5593,289893,562,1361,8220,200329,4596,193083,8783,393412,California
Santa Clara,2021-03-09,14899,600616,6213,300676,7359,297252,1327,2688,6591,199955,8290,201373,7916,401328,California
Santa Clara,2021-03-10,14989,615605,6469,307145,6417,303669,2103,4791,6107,199288,8857,210230,8190,409518,California
Santa Clara,2021-03-11,16982,632587,7732,314877,7747,311416,1503,6294,6035,195894,10920,221150,7526,417044,California
Santa Clara,2021-03-12,17619,650206,9061,323938,6990,318406,1568,7862,5944,191757,11635,232785,7498,424542,California
Santa Clara,2021-03-13,10690,660896,6187,330125,3016,321422,1487,9349,4786,192133,5881,238666,6257,430799,California
Santa Clara,2021-03-14,6474,667370,3349,333474,1824,323246,1301,10650,3196,193359,3263,241929,4489,435288,California
Santa Clara,2021-03-15,12739,680109,6515,339989,5956,329202,268,10918,5965,192840,6753,248682,6234,441522,California
Santa Clara,2021-03-16,18121,698230,10247,350236,7666,336868,208,11126,8783,192519,9310,257992,8989,450511,California
Santa Clara,2021-03-17,19802,718032,11215,361451,8419,345287,168,11294,10224,193375,9531,267523,10387,460898,California
Santa Clara,2021-03-18,18971,737003,8869,370320,8942,354229,1160,12454,9035,193681,9884,277407,10190,471088,California
Santa Clara,2021-03-19,19143,756146,9841,380161,8305,362534,997,13451,9940,195463,9147,286554,10929,482017,California
Santa Clara,2021-03-20,11455,767601,6289,386450,4339,366873,827,14278,6736,198331,4691,291245,7559,489576,California
Santa Clara,2021-03-21,8246,775847,3725,390175,3122,369995,1399,15677,5533,202550,2703,293948,6922,496498,California
Santa Clara,2021-03-22,16236,792083,9052,399227,6841,376836,343,16020,9280,205241,6932,300880,9623,506121,California
Santa Clara,2021-03-23,19133,811216,12172,411399,6449,383285,512,16532,11224,209113,7864,308744,11736,517857,California
Santa Clara,2021-03-24,22493,833709,14490,425889,7594,390879,409,16941,14608,216289,7843,316587,15019,532876,California
Santa Clara,2021-03-25,22810,856519,13056,438945,8770,399649,984,17925,14728,223970,8020,324607,15701,548577,California
Santa Clara,2021-03-26,21803,878322,13888,452833,7532,407181,383,18308,13487,229555,8280,332887,13865,562442,California
Santa Clara,2021-03-27,15594,893916,10377,463210,4454,411635,763,19071,8407,231575,7146,340033,9166,571608,California
Santa Clara,2021-03-28,11983,905899,8291,471501,2979,414614,713,19784,6484,233292,5475,345508,7192,578800,California
Santa Clara,2021-03-29,20502,926401,12583,484084,7194,421808,725,20509,11167,235882,9297,354805,11887,590687,California
Santa Clara,2021-03-30,25483,951884,15176,499260,8374,430182,1933,22442,16308,244974,9143,363948,18235,608922,California
Santa Clara,2021-03-31,20291,972175,11772,511032,7395,437577,1124,23566,12543,250919,7713,371661,13658,622580,California
Santa Clara,2021-04-01,31414,1003589,19642,530674,8782,446359,2990,26556,19853,262248,11503,383164,22832,645412,California
Santa Clara,2021-04-02,24880,1028469,14206,544880,8563,454922,2111,28667,16244,271989,8607,391771,18348,663760,California
Santa Clara,2021-04-03,15093,1043562,9161,554041,3449,458371,2483,31150,8374,276140,6700,398471,10851,674611,California
Santa Clara,2021-04-04,7562,1051124,4002,558043,2406,460777,1154,32304,3929,277598,3624,402095,5082,679693,California
Santa Clara,2021-04-05,21519,1072643,14351,572394,4712,465489,2456,34760,14023,286603,7471,409566,16476,696169,California
Santa Clara,2021-04-06,29106,1101749,15990,588384,7708,473197,5408,40168,17425,297784,11641,421207,22822,718991,California
Santa Clara,2021-04-07,30452,1132201,15706,604090,8325,481522,6421,46589,18580,310946,11821,433028,24983,743974,California
Santa Clara,2021-04-08,29063,1161264,16059,620149,5926,487448,7078,53667,16010,321032,12983,446011,23069,767043,California
Santa Clara,2021-04-09,27508,1188772,13595,633744,6752,494200,7161,60828,14000,328713,13456,459467,21137,788180,California
Santa Clara,2021-04-10,21135,1209907,12213,645957,3733,497933,5189,66017,11298,335370,9804,469271,16461,804641,California
Santa Clara,2021-04-11,15875,1225782,9490,655447,2629,500562,3756,69773,8204,339683,7639,476910,11952,816593,California
Santa Clara,2021-04-12,26641,1252423,18752,674199,5485,506047,2404,72177,18171,351837,8419,485329,20573,837166,California
Santa Clara,2021-04-13,33936,1286359,26728,700927,7182,513229,26,72203,26187,370400,7673,493002,26236,863402,California
Santa Clara,2021-04-14,36348,1322707,27552,728479,8793,522022,3,72206,25843,385827,10446,503448,25873,889275,California
Santa Clara,2021-04-15,43547,1366254,33920,762399,9627,531649,0,72206,33675,409755,9771,513219,33699,922974,California
Santa Clara,2021-04-16,37746,1404000,26132,788531,11612,543261,2,72208,27314,426729,10365,523584,27339,950313,California
Santa Clara,2021-04-17,21490,1425490,14941,803472,6548,549809,1,72209,14968,435231,6482,530066,14984,965297,California
Santa Clara,2021-04-18,16302,1441792,10573,814045,5729,555538,0,72209,10212,439396,6057,536123,10222,975519,California
Santa Clara,2021-04-19,28514,1470306,20591,834636,7922,563460,1,72210,17114,445205,11334,547457,17143,992662,California
Santa Clara,2021-04-20,36576,1506882,22193,856829,14383,577843,0,72210,22418,453597,14055,561512,22447,1015109,California
Santa Clara,2021-04-21,36426,1543308,21007,877836,15418,593261,1,72211,24069,465422,12277,573789,24102,1039211,California
Santa Clara,2021-04-22,36820,1580128,24452,902288,12367,605628,1,72212,17361,463478,19364,593153,17420,1056631,California
Santa Clara,2021-04-23,31681,1611809,19257,921545,12424,618052,0,72212,14866,461676,16713,609866,14911,1071542,California
Santa Clara,2021-04-24,20349,1632158,14708,936253,5640,623692,1,72213,11320,464061,8962,618828,11347,1082889,California
Santa Clara,2021-04-25,12966,1645124,9232,945485,3727,627419,7,72220,8064,467296,4857,623685,8092,1090981,California
Santa Clara,2021-04-26,21237,1666361,16144,961629,5037,632456,56,72276,8243,462709,12904,636589,8317,1099298,California
Santa Clara,2021-04-27,24356,1690717,17065,978694,7007,639463,284,72560,10361,459477,13911,650500,10679,1109977,California
Santa Clara,2021-04-28,17776,1708493,11989,990683,5351,644814,436,72996,7151,456526,10566,661066,7615,1117592,California
Santa Clara,2021-04-29,11296,1719789,7077,997760,3864,648678,355,73351,3941,453509,7328,668394,4311,1121903,California
Santa Clara,2021-04-30,8889,1728678,5140,1002900,3680,652358,69,73420,3482,451698,5383,673777,3572,1125475,California
Santa Cruz,2020-12-15,2,2,2,2,0,0,0,0,2,2,0,0,2,2,California
Santa Cruz,2020-12-16,58,60,58,60,0,0,0,0,58,60,0,0,58,60,California
Santa Cruz,2020-12-17,389,449,389,449,0,0,0,0,389,449,0,0,389,449,California
Santa Cruz,2020-12-18,464,913,464,913,0,0,0,0,464,913,0,0,464,913,California
Santa Cruz,2020-12-19,179,1092,178,1091,1,1,0,0,179,1092,0,0,179,1092,California
Santa Cruz,2020-12-20,95,1187,95,1186,0,1,0,0,95,1187,0,0,95,1187,California
Santa Cruz,2020-12-21,435,1622,435,1621,0,1,0,0,435,1622,0,0,435,1622,California
Santa Cruz,2020-12-22,424,2046,423,2044,1,2,0,0,424,2046,0,0,424,2046,California
Santa Cruz,2020-12-23,372,2418,329,2373,43,45,0,0,372,2418,0,0,372,2418,California
Santa Cruz,2020-12-24,125,2543,49,2422,76,121,0,0,125,2543,0,0,125,2543,California
Santa Cruz,2020-12-25,11,2554,11,2433,0,121,0,0,11,2554,0,0,11,2554,California
Santa Cruz,2020-12-26,64,2618,45,2478,19,140,0,0,64,2618,0,0,64,2618,California
Santa Cruz,2020-12-27,32,2650,27,2505,5,145,0,0,32,2650,0,0,32,2650,California
Santa Cruz,2020-12-28,485,3135,108,2613,377,522,0,0,485,3135,0,0,485,3135,California
Santa Cruz,2020-12-29,799,3934,370,2983,429,951,0,0,799,3934,0,0,799,3934,California
Santa Cruz,2020-12-30,356,4290,164,3147,192,1143,0,0,356,4290,0,0,356,4290,California
Santa Cruz,2020-12-31,313,4603,11,3158,302,1445,0,0,313,4603,0,0,313,4603,California
Santa Cruz,2021-01-01,33,4636,1,3159,32,1477,0,0,33,4636,0,0,33,4636,California
Santa Cruz,2021-01-02,71,4707,57,3216,14,1491,0,0,71,4707,0,0,71,4707,California
Santa Cruz,2021-01-03,15,4722,7,3223,8,1499,0,0,15,4722,0,0,15,4722,California
Santa Cruz,2021-01-04,281,5003,123,3346,158,1657,0,0,279,5001,0,0,279,5001,California
Santa Cruz,2021-01-05,566,5569,428,3774,138,1795,0,0,264,4963,302,302,264,5265,California
Santa Cruz,2021-01-06,803,6372,670,4444,133,1928,0,0,464,5089,338,640,464,5729,California
Santa Cruz,2021-01-07,539,6911,212,4656,327,2255,0,0,386,5323,153,793,387,6116,California
Santa Cruz,2021-01-08,935,7846,562,5218,373,2628,0,0,487,5363,448,1241,488,6604,California
Santa Cruz,2021-01-09,464,8310,123,5341,341,2969,0,0,410,5719,54,1295,410,7014,California
Santa Cruz,2021-01-10,80,8390,70,5411,10,2979,0,0,21,5681,59,1354,21,7035,California
Santa Cruz,2021-01-11,724,9114,590,6001,134,3113,0,0,191,5340,533,1887,192,7227,California
Santa Cruz,2021-01-12,736,9850,532,6533,204,3317,0,0,493,5590,243,2130,493,7720,California
Santa Cruz,2021-01-13,525,10375,228,6761,297,3614,0,0,441,5950,81,2211,441,8161,California
Santa Cruz,2021-01-14,555,10930,101,6862,454,4068,0,0,489,6373,66,2277,489,8650,California
Santa Cruz,2021-01-15,1458,12388,77,6939,1381,5449,0,0,1393,7704,64,2341,1395,10045,California
Santa Cruz,2021-01-16,427,12815,54,6993,373,5822,0,0,408,8093,19,2360,408,10453,California
Santa Cruz,2021-01-17,297,13112,41,7034,256,6078,0,0,272,8340,25,2385,272,10725,California
Santa Cruz,2021-01-18,1016,14128,106,7140,910,6988,0,0,954,9232,62,2447,954,11679,California
Santa Cruz,2021-01-19,1622,15750,524,7664,1098,8086,0,0,1269,10151,351,2798,1270,12949,California
Santa Cruz,2021-01-20,1235,16985,183,7847,1052,9138,0,0,1038,10995,194,2992,1038,13987,California
Santa Cruz,2021-01-21,1711,18696,200,8047,1511,10649,0,0,1603,12492,108,3100,1605,15592,California
Santa Cruz,2021-01-22,1797,20493,532,8579,1265,11914,0,0,1695,14089,99,3199,1696,17288,California
Santa Cruz,2021-01-23,402,20895,147,8726,255,12169,0,0,342,14372,59,3258,342,17630,California
Santa Cruz,2021-01-24,116,21011,21,8747,95,12264,0,0,98,14452,18,3276,98,17728,California
Santa Cruz,2021-01-25,1063,22074,361,9108,702,12966,0,0,552,14493,511,3787,552,18280,California
Santa Cruz,2021-01-26,1695,23769,248,9356,1447,14413,0,0,1183,15164,512,4299,1183,19463,California
Santa Cruz,2021-01-27,1653,25422,449,9805,1204,15617,0,0,1269,16051,382,4681,1269,20732,California
Santa Cruz,2021-01-28,1749,27171,292,10097,1457,17074,0,0,1472,17247,277,4958,1473,22205,California
Santa Cruz,2021-01-29,1735,28906,490,10587,1245,18319,0,0,1605,18723,129,5087,1605,23810,California
Santa Cruz,2021-01-30,1060,29966,309,10896,751,19070,0,0,926,19515,134,5221,926,24736,California
Santa Cruz,2021-01-31,222,30188,113,11009,109,19179,0,0,208,19709,14,5235,208,24944,California
Santa Cruz,2021-02-01,1232,31420,759,11768,473,19652,0,0,825,20127,407,5642,825,25769,California
Santa Cruz,2021-02-02,1011,32431,128,11896,883,20535,0,0,856,20829,154,5796,856,26625,California
Santa Cruz,2021-02-03,2237,34668,960,12856,1277,21812,0,0,1922,22440,311,6107,1922,28547,California
Santa Cruz,2021-02-04,1854,36522,773,13629,1081,22893,0,0,1518,23623,335,6442,1518,30065,California
Santa Cruz,2021-02-05,3170,39692,792,14421,2378,25271,0,0,2849,26152,320,6762,2849,32914,California
Santa Cruz,2021-02-06,2588,42280,164,14585,2424,27695,0,0,2241,28046,347,7109,2241,35155,California
Santa Cruz,2021-02-07,909,43189,122,14707,787,28482,0,0,891,28919,18,7127,891,36046,California
Santa Cruz,2021-02-08,717,43906,203,14910,514,28996,0,0,516,29235,200,7327,516,36562,California
Santa Cruz,2021-02-09,2377,46283,1057,15967,1320,30316,0,0,2110,31082,263,7590,2110,38672,California
Santa Cruz,2021-02-10,2203,48486,580,16547,1623,31939,0,0,1503,31895,691,8281,1504,40176,California
Santa Cruz,2021-02-11,1857,50343,317,16864,1540,33479,0,0,1330,32700,525,8806,1330,41506,California
Santa Cruz,2021-02-12,3225,53568,422,17286,2803,36282,0,0,1817,33119,1400,10206,1819,43325,California
Santa Cruz,2021-02-13,1712,55280,124,17410,1588,37870,0,0,1298,34003,414,10620,1298,44623,California
Santa Cruz,2021-02-14,1409,56689,70,17480,1339,39209,0,0,1145,34884,264,10884,1145,45768,California
Santa Cruz,2021-02-15,1583,58272,280,17760,1303,40512,0,0,566,34434,1017,11901,567,46335,California
Santa Cruz,2021-02-16,1698,59970,208,17968,1490,42002,0,0,539,33836,1137,13038,539,46874,California
Santa Cruz,2021-02-17,2922,62892,976,18944,1946,43948,0,0,1221,33372,1688,14726,1224,48098,California
Santa Cruz,2021-02-18,2882,65774,638,19582,2244,46192,0,0,1231,32956,1647,16373,1231,49329,California
Santa Cruz,2021-02-19,3265,69039,1145,20727,2120,48312,0,0,2007,33708,1255,17628,2007,51336,California
Santa Cruz,2021-02-20,2387,71426,1499,22226,888,49200,0,0,1894,35109,493,18121,1894,53230,California
Santa Cruz,2021-02-21,829,72255,362,22588,467,49667,0,0,703,35688,124,18245,703,53933,California
Santa Cruz,2021-02-22,1258,73513,967,23555,291,49958,0,0,535,35502,721,18966,535,54468,California
Santa Cruz,2021-02-23,2100,75613,939,24494,1161,51119,0,0,711,34825,1388,20354,711,55179,California
Santa Cruz,2021-02-24,3185,78798,1663,26157,1522,52641,0,0,1207,34058,1974,22328,1207,56386,California
Santa Cruz,2021-02-25,3241,82039,1431,27588,1810,54451,0,0,1782,34389,1452,23780,1783,58169,California
Santa Cruz,2021-02-26,2726,84765,764,28352,1962,56413,0,0,1551,34771,1171,24951,1553,59722,California
Santa Cruz,2021-02-27,2634,87399,930,29282,1704,58117,0,0,1835,35808,798,25749,1835,61557,California
Santa Cruz,2021-02-28,1301,88700,361,29643,940,59057,0,0,1087,36684,211,25960,1087,62644,California
Santa Cruz,2021-03-01,1829,90529,1256,30899,573,59630,0,0,689,36236,1137,27097,689,63333,California
Santa Cruz,2021-03-02,1534,92063,361,31260,1173,60803,0,0,856,36419,676,27773,859,64192,California
Santa Cruz,2021-03-03,2361,94424,624,31884,1737,62540,0,0,1290,36641,1068,28841,1290,65482,California
Santa Cruz,2021-03-04,3015,97439,1412,33296,1602,64142,1,1,2030,37699,974,29815,2032,67514,California
Santa Cruz,2021-03-05,2613,100052,487,33783,2108,66250,18,19,1133,37373,1477,31292,1151,68665,California
Santa Cruz,2021-03-06,3871,103923,1347,35130,2419,68669,105,124,2159,37923,1712,33004,2262,70927,California
Santa Cruz,2021-03-07,1347,105270,129,35259,1144,69813,74,198,556,37763,790,33794,630,71557,California
Santa Cruz,2021-03-08,1083,106353,219,35478,735,70548,129,327,651,38112,431,34225,780,72337,California
Santa Cruz,2021-03-09,1776,108129,244,35722,1385,71933,147,474,702,37889,1072,35297,849,73186,California
Santa Cruz,2021-03-10,3863,111992,2090,37812,1623,73556,150,624,1997,38174,1864,37161,2149,75335,California
Santa Cruz,2021-03-11,2803,114795,1220,39032,1409,74965,174,798,1547,38642,1255,38416,1723,77058,California
Santa Cruz,2021-03-12,2760,117555,892,39924,1576,76541,292,1090,910,37997,1846,40262,1201,78259,California
Santa Cruz,2021-03-13,2311,119866,1334,41258,933,77474,44,1134,1179,38091,1130,41392,1224,79483,California
Santa Cruz,2021-03-14,906,120772,217,41475,675,78149,14,1148,441,38082,463,41855,454,79937,California
Santa Cruz,2021-03-15,1356,122128,484,41959,836,78985,36,1184,583,37932,770,42625,620,80557,California
Santa Cruz,2021-03-16,2318,124446,1088,43047,1188,80173,42,1226,1341,38340,974,43599,1382,81939,California
Santa Cruz,2021-03-17,3867,128313,2231,45278,1626,81799,10,1236,2521,39532,1342,44941,2534,84473,California
Santa Cruz,2021-03-18,3870,132183,2094,47372,1656,83455,120,1356,2072,39929,1795,46736,2192,86665,California
Santa Cruz,2021-03-19,3280,135463,1322,48694,1733,85188,225,1581,1654,40187,1621,48357,1879,88544,California
Santa Cruz,2021-03-20,2169,137632,1614,50308,518,85706,37,1618,1096,40250,1070,49427,1133,89677,California
Santa Cruz,2021-03-21,826,138458,439,50747,265,85971,122,1740,443,40435,381,49808,566,90243,California
Santa Cruz,2021-03-22,1378,139836,851,51598,505,86476,22,1762,946,40975,429,50237,969,91212,California
Santa Cruz,2021-03-23,2567,142403,1442,53040,1075,87551,50,1812,1712,41884,853,51090,1762,92974,California
Santa Cruz,2021-03-24,3026,145429,2034,55074,971,88522,21,1833,1996,42875,1025,52115,2016,94990,California
Santa Cruz,2021-03-25,2648,148077,1330,56404,1283,89805,35,1868,1357,42983,1284,53399,1392,96382,California
Santa Cruz,2021-03-26,3039,151116,1835,58239,1177,90982,27,1895,2055,44088,977,54376,2082,98464,California
Santa Cruz,2021-03-27,3239,154355,2013,60252,1201,92183,25,1920,1528,43940,1702,56078,1554,100018,California
Santa Cruz,2021-03-28,932,155287,572,60824,346,92529,14,1934,495,44016,433,56511,509,100527,California
Santa Cruz,2021-03-29,1978,157265,884,61708,1026,93555,68,2002,1279,44667,696,57207,1347,101874,California
Santa Cruz,2021-03-30,2729,159994,820,62528,1746,95301,163,2165,1756,45614,971,58178,1918,103792,California
Santa Cruz,2021-03-31,4080,164074,2729,65257,1303,96604,48,2213,2097,45780,1979,60157,2145,105937,California
Santa Cruz,2021-04-01,4026,168100,2154,67411,1765,98369,107,2320,2027,45921,1993,62150,2134,108071,California
Santa Cruz,2021-04-02,3146,171246,1426,68837,1538,99907,182,2502,1739,46440,1402,63552,1921,109992,California
Santa Cruz,2021-04-03,2260,173506,1232,70069,893,100800,135,2637,888,46093,1369,64921,1022,111014,California
Santa Cruz,2021-04-04,936,174442,491,70560,390,101190,55,2692,550,46312,386,65307,605,111619,California
Santa Cruz,2021-04-05,2260,176702,795,71355,1294,102484,171,2863,1390,47004,869,66176,1561,113180,California
Santa Cruz,2021-04-06,3396,180098,1655,73010,1358,103842,383,3246,1971,47940,1415,67591,2351,115531,California
Santa Cruz,2021-04-07,4153,184251,1638,74648,2152,105994,363,3609,1864,47881,2285,69876,2226,117757,California
Santa Cruz,2021-04-08,4270,188521,2351,76999,1403,107397,516,4125,2511,49156,1750,71626,3025,120782,California
Santa Cruz,2021-04-09,3567,192088,1508,78507,1658,109055,401,4526,1960,49917,1601,73227,2362,123144,California
Santa Cruz,2021-04-10,2257,194345,1090,79597,916,109971,251,4777,1066,50046,1187,74414,1316,124460,California
Santa Cruz,2021-04-11,995,195340,520,80117,383,110354,92,4869,480,50103,515,74929,572,125032,California
Santa Cruz,2021-04-12,2292,197632,826,80943,1039,111393,427,5296,1097,50446,1180,76109,1523,126555,California
Santa Cruz,2021-04-13,2890,200522,1453,82396,1435,112828,2,5298,1625,50813,1260,77369,1627,128182,California
Santa Cruz,2021-04-14,4637,205159,2258,84654,2379,115207,0,5298,2377,50941,2251,79620,2379,130561,California
Santa Cruz,2021-04-15,4952,210111,3142,87796,1810,117017,0,5298,3143,52286,1798,81418,3143,133704,California
Santa Cruz,2021-04-16,4427,214538,2544,90340,1881,118898,2,5300,2471,52812,1948,83366,2474,136178,California
Santa Cruz,2021-04-17,2268,216806,895,91235,1373,120271,0,5300,1508,53562,758,84124,1508,137686,California
Santa Cruz,2021-04-18,1072,217878,514,91749,558,120829,0,5300,598,53688,472,84596,598,138284,California
Santa Cruz,2021-04-19,2438,220316,1528,93277,909,121738,1,5301,1504,54261,931,85527,1504,139788,California
Santa Cruz,2021-04-20,3134,223450,1706,94983,1428,123166,0,5301,1784,54706,1340,86867,1785,141573,California
Santa Cruz,2021-04-21,4272,227722,2895,97878,1377,124543,0,5301,2408,55265,1849,88716,2408,143981,California
Santa Cruz,2021-04-22,4339,232061,2924,100802,1415,125958,0,5301,2440,55816,1889,90605,2440,146421,California
Santa Cruz,2021-04-23,3080,235141,1745,102547,1334,127292,1,5302,1387,55519,1685,92290,1388,147809,California
Santa Cruz,2021-04-24,2246,237387,1084,103631,1159,128451,3,5305,692,54670,1544,93834,695,148504,California
Santa Cruz,2021-04-25,1092,238479,698,104329,382,128833,12,5317,448,54493,636,94470,459,148963,California
Santa Cruz,2021-04-26,1769,240248,904,105233,850,129683,15,5332,663,54076,1097,95567,680,149643,California
Santa Cruz,2021-04-27,2737,242985,841,106074,1848,131531,48,5380,1371,54134,1362,96929,1420,151063,California
Santa Cruz,2021-04-28,3309,246294,1836,107910,1399,132930,74,5454,1717,54341,1582,98511,1789,152852,California
Santa Cruz,2021-04-29,2850,249144,1931,109841,866,133796,53,5507,934,53423,1906,100417,988,153840,California
Santa Cruz,2021-04-30,1395,250539,766,110607,629,134425,0,5507,599,53230,792,101209,599,154439,California
Shasta,2020-12-16,131,131,131,131,0,0,0,0,131,131,0,0,131,131,California
Shasta,2020-12-17,417,548,417,548,0,0,0,0,417,548,0,0,417,548,California
Shasta,2020-12-18,166,714,166,714,0,0,0,0,166,714,0,0,166,714,California
Shasta,2020-12-19,1,715,1,715,0,0,0,0,1,715,0,0,1,715,California
Shasta,2020-12-21,79,794,79,794,0,0,0,0,79,794,0,0,79,794,California
Shasta,2020-12-22,191,985,186,980,5,5,0,0,191,985,0,0,191,985,California
Shasta,2020-12-23,173,1158,169,1149,4,9,0,0,173,1158,0,0,173,1158,California
Shasta,2020-12-24,18,1176,18,1167,0,9,0,0,18,1176,0,0,18,1176,California
Shasta,2020-12-26,4,1180,1,1168,3,12,0,0,4,1180,0,0,4,1180,California
Shasta,2020-12-27,1,1181,0,1168,1,13,0,0,1,1181,0,0,1,1181,California
Shasta,2020-12-28,40,1221,31,1199,9,22,0,0,40,1221,0,0,40,1221,California
Shasta,2020-12-29,186,1407,185,1384,1,23,0,0,186,1407,0,0,186,1407,California
Shasta,2020-12-30,178,1585,168,1552,10,33,0,0,178,1585,0,0,178,1585,California
Shasta,2020-12-31,83,1668,2,1554,81,114,0,0,83,1668,0,0,83,1668,California
Shasta,2021-01-02,2,1670,0,1554,2,116,0,0,2,1670,0,0,2,1670,California
Shasta,2021-01-03,1,1671,1,1555,0,116,0,0,1,1671,0,0,1,1671,California
Shasta,2021-01-04,371,2042,305,1860,66,182,0,0,372,2043,0,0,372,2043,California
Shasta,2021-01-05,335,2377,314,2174,21,203,0,0,254,2216,81,81,254,2297,California
Shasta,2021-01-06,466,2843,395,2569,71,274,0,0,204,2159,261,342,204,2501,California
Shasta,2021-01-07,124,2967,36,2605,88,362,0,0,103,2241,21,363,103,2604,California
Shasta,2021-01-08,525,3492,448,3053,77,439,0,0,317,2350,208,571,317,2921,California
Shasta,2021-01-09,72,3564,63,3116,9,448,0,0,70,2418,2,573,70,2991,California
Shasta,2021-01-10,5,3569,0,3116,5,453,0,0,4,2422,1,574,5,2996,California
Shasta,2021-01-11,407,3976,184,3300,223,676,0,0,372,2759,35,609,372,3368,California
Shasta,2021-01-12,484,4460,327,3627,157,833,0,0,310,2895,174,783,310,3678,California
Shasta,2021-01-13,599,5059,267,3894,332,1165,0,0,430,3156,169,952,430,4108,California
Shasta,2021-01-14,499,5558,51,3945,448,1613,0,0,481,3619,18,970,481,4589,California
Shasta,2021-01-15,691,6249,136,4081,555,2168,0,0,689,4306,2,972,689,5278,California
Shasta,2021-01-16,898,7147,54,4135,844,3012,0,0,895,5198,3,975,895,6173,California
Shasta,2021-01-17,27,7174,6,4141,21,3033,0,0,23,5217,4,979,23,6196,California
Shasta,2021-01-18,599,7773,129,4270,470,3503,0,0,591,5800,8,987,591,6787,California
Shasta,2021-01-19,1058,8831,398,4668,660,4163,0,0,910,6562,148,1135,910,7697,California
Shasta,2021-01-20,677,9508,409,5077,268,4431,0,0,493,6876,179,1314,493,8190,California
Shasta,2021-01-21,630,10138,277,5354,353,4784,0,0,607,7460,23,1337,607,8797,California
Shasta,2021-01-22,445,10583,171,5525,274,5058,0,0,439,7893,6,1343,439,9236,California
Shasta,2021-01-23,68,10651,5,5530,63,5121,0,0,67,7959,1,1344,67,9303,California
Shasta,2021-01-24,25,10676,2,5532,23,5144,0,0,24,7982,1,1345,24,9327,California
Shasta,2021-01-25,749,11425,490,6022,259,5403,0,0,464,8162,284,1629,464,9791,California
Shasta,2021-01-26,710,12135,333,6355,377,5780,0,0,476,8406,232,1861,476,10267,California
Shasta,2021-01-27,459,12594,179,6534,280,6060,0,0,410,8767,49,1910,410,10677,California
Shasta,2021-01-28,886,13480,576,7110,310,6370,0,0,664,9209,222,2132,664,11341,California
Shasta,2021-01-29,831,14311,330,7440,501,6871,0,0,641,9661,190,2322,642,11983,California
Shasta,2021-01-30,616,14927,14,7454,602,7473,0,0,607,10259,9,2331,607,12590,California
Shasta,2021-01-31,28,14955,4,7458,24,7497,0,0,26,10283,2,2333,26,12616,California
Shasta,2021-02-01,530,15485,148,7606,382,7879,0,0,386,10525,144,2477,386,13002,California
Shasta,2021-02-02,982,16467,494,8100,488,8367,0,0,890,11325,90,2567,890,13892,California
Shasta,2021-02-03,718,17185,210,8310,508,8875,0,0,484,11575,234,2801,484,14376,California
Shasta,2021-02-04,1083,18268,664,8974,419,9294,0,0,890,12273,192,2993,890,15266,California
Shasta,2021-02-05,1240,19508,164,9138,1076,10370,0,0,1033,13100,206,3199,1033,16299,California
Shasta,2021-02-06,1742,21250,41,9179,1701,12071,0,0,1719,14796,23,3222,1719,18018,California
Shasta,2021-02-07,26,21276,3,9182,23,12094,0,0,24,14818,2,3224,24,18042,California
Shasta,2021-02-08,597,21873,167,9349,430,12524,0,0,306,14833,291,3515,306,18348,California
Shasta,2021-02-09,1122,22995,652,10001,470,12994,0,0,730,15171,392,3907,730,19078,California
Shasta,2021-02-10,1116,24111,781,10782,335,13329,0,0,594,15243,523,4430,595,19673,California
Shasta,2021-02-11,886,24997,186,10968,700,14029,0,0,364,15090,517,4947,364,20037,California
Shasta,2021-02-12,1724,26721,1143,12111,581,14610,0,0,1175,15716,549,5496,1175,21212,California
Shasta,2021-02-13,1383,28104,367,12478,1016,15626,0,0,570,15473,814,6310,571,21783,California
Shasta,2021-02-14,150,28254,4,12482,146,15772,0,0,126,15575,24,6334,126,21909,California
Shasta,2021-02-15,380,28634,90,12572,290,16062,0,0,211,15617,169,6503,211,22120,California
Shasta,2021-02-16,1189,29823,515,13087,674,16736,0,0,420,15269,768,7271,420,22540,California
Shasta,2021-02-17,1033,30856,438,13525,595,17331,0,0,413,15062,620,7891,413,22953,California
Shasta,2021-02-18,924,31780,443,13968,481,17812,0,0,437,15012,487,8378,437,23390,California
Shasta,2021-02-19,1329,33109,936,14904,393,18205,0,0,862,15407,467,8845,862,24252,California
Shasta,2021-02-20,802,33911,89,14993,713,18918,0,0,303,15211,499,9344,303,24555,California
Shasta,2021-02-21,31,33942,2,14995,29,18947,0,0,9,15198,22,9366,9,24564,California
Shasta,2021-02-22,426,34368,74,15069,352,19299,0,0,177,15127,248,9614,177,24741,California
Shasta,2021-02-23,907,35275,467,15536,440,19739,0,0,322,14864,585,10199,322,25063,California
Shasta,2021-02-24,886,36161,504,16040,382,20121,0,0,270,14519,615,10814,270,25333,California
Shasta,2021-02-25,516,36677,160,16200,356,20477,0,0,162,14328,353,11167,162,25495,California
Shasta,2021-02-26,791,37468,94,16294,697,21174,0,0,331,14201,458,11625,331,25826,California
Shasta,2021-02-27,829,38297,27,16321,802,21976,0,0,188,13750,639,12264,188,26014,California
Shasta,2021-02-28,176,38473,4,16325,172,22148,0,0,126,13826,50,12314,126,26140,California
Shasta,2021-03-01,584,39057,59,16384,525,22673,0,0,295,13833,288,12602,295,26435,California
Shasta,2021-03-02,1016,40073,465,16849,551,23224,0,0,331,13481,683,13285,331,26766,California
Shasta,2021-03-03,665,40738,167,17016,498,23722,0,0,243,13302,422,13707,243,27009,California
Shasta,2021-03-04,2303,43041,1694,18710,609,24331,0,0,1267,13535,1035,14742,1268,28277,California
Shasta,2021-03-05,1541,44582,162,18872,1350,25681,29,29,794,13610,748,15490,823,29100,California
Shasta,2021-03-06,2742,47324,386,19258,2309,27990,47,76,858,12633,1882,17372,905,30005,California
Shasta,2021-03-07,91,47415,3,19261,56,28046,32,108,37,12648,54,17426,69,30074,California
Shasta,2021-03-08,568,47983,46,19307,383,28429,139,247,155,12531,411,17837,294,30368,California
Shasta,2021-03-09,708,48691,48,19355,482,28911,178,425,329,12658,379,18216,506,30874,California
Shasta,2021-03-10,800,49491,256,19611,342,29253,202,627,135,12330,664,18880,336,31210,California
Shasta,2021-03-11,1176,50667,173,19784,731,29984,272,899,659,12745,516,19396,931,32141,California
Shasta,2021-03-12,1530,52197,835,20619,446,30430,249,1148,397,12257,1132,20528,644,32785,California
Shasta,2021-03-13,757,52954,425,21044,232,30662,100,1248,474,12548,282,20810,573,33358,California
Shasta,2021-03-14,1019,53973,8,21052,989,31651,22,1270,881,13314,138,20948,904,34262,California
Shasta,2021-03-15,498,54471,35,21087,363,32014,100,1370,210,13335,288,21236,309,34571,California
Shasta,2021-03-16,1132,55603,147,21234,918,32932,67,1437,849,13968,283,21519,916,35487,California
Shasta,2021-03-17,734,56337,191,21425,485,33417,58,1495,395,14088,333,21852,453,35940,California
Shasta,2021-03-18,1191,57528,236,21661,851,34268,104,1599,811,14627,376,22228,915,36855,California
Shasta,2021-03-19,641,58169,196,21857,390,34658,55,1654,409,14860,231,22459,464,37319,California
Shasta,2021-03-20,748,58917,490,22347,244,34902,14,1668,600,15326,148,22607,614,37933,California
Shasta,2021-03-21,312,59229,297,22644,4,34906,11,1679,286,15598,25,22632,297,38230,California
Shasta,2021-03-22,347,59576,37,22681,274,35180,36,1715,199,15686,147,22779,235,38465,California
Shasta,2021-03-23,819,60395,161,22842,600,35780,58,1773,627,16184,187,22966,685,39150,California
Shasta,2021-03-24,607,61002,156,22998,414,36194,37,1810,366,16347,240,23206,403,39553,California
Shasta,2021-03-25,877,61879,197,23195,663,36857,17,1827,639,16768,235,23441,656,40209,California
Shasta,2021-03-26,1835,63714,1402,24597,403,37260,30,1857,1478,17920,357,23798,1509,41718,California
Shasta,2021-03-27,1595,65309,405,25002,318,37578,872,2729,575,18346,1018,24816,1444,43162,California
Shasta,2021-03-28,405,65714,299,25301,96,37674,10,2739,302,18557,101,24917,312,43474,California
Shasta,2021-03-29,419,66133,41,25342,366,38040,12,2751,165,18481,253,25170,177,43651,California
Shasta,2021-03-30,653,66786,185,25527,461,38501,7,2758,440,18718,210,25380,447,44098,California
Shasta,2021-03-31,617,67403,205,25732,407,38908,5,2763,381,18873,231,25611,386,44484,California
Shasta,2021-04-01,893,68296,245,25977,636,39544,12,2775,577,19147,315,25926,589,45073,California
Shasta,2021-04-02,750,69046,201,26178,497,40041,52,2827,411,19273,337,26263,463,45536,California
Shasta,2021-04-03,513,69559,361,26539,133,40174,19,2846,389,19557,124,26387,408,45944,California
Shasta,2021-04-04,291,69850,177,26716,94,40268,20,2866,217,19720,74,26461,237,46181,California
Shasta,2021-04-05,441,70291,67,26783,311,40579,63,2929,255,19852,186,26647,318,46499,California
Shasta,2021-04-06,851,71142,172,26955,504,41083,175,3104,399,19976,449,27096,573,47072,California
Shasta,2021-04-07,651,71793,213,27168,275,41358,163,3267,256,20003,391,27487,418,47490,California
Shasta,2021-04-08,1136,72929,259,27427,723,42081,154,3421,229,19480,905,28392,382,47872,California
Shasta,2021-04-09,2580,75509,2062,29489,309,42390,209,3630,2017,21146,558,28950,2224,50096,California
Shasta,2021-04-10,876,76385,593,30082,155,42545,128,3758,264,20925,612,29562,391,50487,California
Shasta,2021-04-11,1250,77635,395,30477,835,43380,20,3778,143,19985,1103,30665,163,50650,California
Shasta,2021-04-12,335,77970,8,30485,267,43647,60,3838,97,19904,237,30902,156,50806,California
Shasta,2021-04-13,1053,79023,164,30649,887,44534,2,3840,297,19448,754,31656,298,51104,California
Shasta,2021-04-14,602,79625,143,30792,457,44991,2,3842,225,19299,376,32032,227,51331,California
Shasta,2021-04-15,1064,80689,259,31051,805,45796,0,3842,307,18850,756,32788,307,51638,California
Shasta,2021-04-16,2330,83019,1836,32887,494,46290,0,3842,949,18419,1380,34168,949,52587,California
Shasta,2021-04-17,642,83661,410,33297,232,46522,0,3842,196,18169,446,34614,196,52783,California
Shasta,2021-04-18,266,83927,241,33538,25,46547,0,3842,33,17971,231,34845,33,52816,California
Shasta,2021-04-19,382,84309,30,33568,352,46899,0,3842,164,17917,218,35063,164,52980,California
Shasta,2021-04-20,1013,85322,256,33824,757,47656,0,3842,386,17677,626,35689,386,53366,California
Shasta,2021-04-21,604,85926,220,34044,384,48040,0,3842,306,17686,297,35986,306,53672,California
Shasta,2021-04-22,956,86882,279,34323,677,48717,0,3842,302,17336,652,36638,302,53974,California
Shasta,2021-04-23,657,87539,262,34585,395,49112,0,3842,329,17338,327,36965,329,54303,California
Shasta,2021-04-24,596,88135,360,34945,236,49348,0,3842,107,16956,489,37454,107,54410,California
Shasta,2021-04-25,213,88348,183,35128,29,49377,1,3843,38,16820,175,37629,39,54449,California
Shasta,2021-04-26,465,88813,50,35178,410,49787,5,3848,331,17023,132,37761,335,54784,California
Shasta,2021-04-27,510,89323,169,35347,305,50092,36,3884,291,17132,216,37977,325,55109,California
Shasta,2021-04-28,512,89835,130,35477,349,50441,33,3917,212,17076,300,38277,244,55353,California
Shasta,2021-04-29,646,90481,91,35568,536,50977,19,3936,158,16766,487,38764,177,55530,California
Shasta,2021-04-30,1830,92311,1650,37218,164,51141,16,3952,157,15266,1673,40437,173,55703,California
Sierra,2020-12-18,1,1,1,1,0,0,0,0,1,1,0,0,1,1,California
Sierra,2020-12-21,2,3,2,3,0,0,0,0,2,3,0,0,2,3,California
Sierra,2020-12-22,12,15,12,15,0,0,0,0,12,15,0,0,12,15,California
Sierra,2020-12-23,4,19,4,19,0,0,0,0,4,19,0,0,4,19,California
Sierra,2020-12-28,1,20,0,19,1,1,0,0,1,20,0,0,1,20,California
Sierra,2020-12-29,49,69,7,26,42,43,0,0,49,69,0,0,49,69,California
Sierra,2020-12-30,2,71,0,26,2,45,0,0,2,71,0,0,2,71,California
Sierra,2020-12-31,13,84,0,26,13,58,0,0,13,84,0,0,13,84,California
Sierra,2021-01-01,1,85,1,27,0,58,0,0,1,85,0,0,1,85,California
Sierra,2021-01-05,64,149,2,29,62,120,0,0,64,149,0,0,64,149,California
Sierra,2021-01-06,1,150,1,30,0,120,0,0,1,150,0,0,1,150,California
Sierra,2021-01-07,21,171,1,31,20,140,0,0,20,169,1,1,20,170,California
Sierra,2021-01-08,1,172,1,32,0,140,0,0,1,170,0,1,1,171,California
Sierra,2021-01-11,3,175,3,35,0,140,0,0,0,167,3,4,0,171,California
Sierra,2021-01-12,40,215,12,47,28,168,0,0,28,183,12,16,28,199,California
Sierra,2021-01-13,4,219,3,50,1,169,0,0,1,181,3,19,1,200,California
Sierra,2021-01-14,35,254,2,52,33,202,0,0,35,216,0,19,35,235,California
Sierra,2021-01-15,3,257,1,53,2,204,0,0,3,219,0,19,3,238,California
Sierra,2021-01-18,2,259,0,53,2,206,0,0,2,221,0,19,2,240,California
Sierra,2021-01-19,32,291,0,53,32,238,0,0,32,253,0,19,32,272,California
Sierra,2021-01-20,1,292,1,54,0,238,0,0,1,254,0,19,1,273,California
Sierra,2021-01-21,53,345,0,54,53,291,0,0,53,307,0,19,53,326,California
Sierra,2021-01-22,2,347,0,54,2,293,0,0,2,309,0,19,2,328,California
Sierra,2021-01-23,2,349,0,54,2,295,0,0,2,311,0,19,2,330,California
Sierra,2021-01-26,62,411,0,54,62,357,0,0,24,297,38,57,24,354,California
Sierra,2021-01-27,4,415,4,58,0,357,0,0,0,293,4,61,0,354,California
Sierra,2021-01-28,53,468,0,58,53,410,0,0,43,326,10,71,43,397,California
Sierra,2021-01-29,2,470,0,58,2,412,0,0,2,328,0,71,2,399,California
Sierra,2021-01-30,3,473,3,61,0,412,0,0,2,329,1,72,2,401,California
Sierra,2021-02-01,1,474,0,61,1,413,0,0,0,328,1,73,0,401,California
Sierra,2021-02-02,58,532,1,62,57,470,0,0,19,308,39,112,19,420,California
Sierra,2021-02-03,6,538,5,67,1,471,0,0,5,312,1,113,5,425,California
Sierra,2021-02-04,105,643,6,73,99,570,0,0,56,319,49,162,56,481,California
Sierra,2021-02-05,6,649,4,77,2,572,0,0,5,323,1,163,5,486,California
Sierra,2021-02-09,51,700,0,77,51,623,0,0,48,368,3,166,48,534,California
Sierra,2021-02-10,5,705,2,79,3,626,0,0,4,371,1,167,4,538,California
Sierra,2021-02-11,196,901,1,80,195,821,0,0,134,443,62,229,134,672,California
Sierra,2021-02-12,21,922,0,80,21,842,0,0,20,462,1,230,20,692,California
Sierra,2021-02-13,1,923,1,81,0,842,0,0,1,463,0,230,1,693,California
Sierra,2021-02-15,2,925,2,83,0,842,0,0,0,461,2,232,0,693,California
Sierra,2021-02-16,43,968,0,83,43,885,0,0,10,438,33,265,10,703,California
Sierra,2021-02-17,4,972,0,83,4,889,0,0,1,436,3,268,1,704,California
Sierra,2021-02-18,141,1113,0,83,141,1030,0,0,91,477,50,318,91,795,California
Sierra,2021-02-19,2,1115,1,84,1,1031,0,0,1,477,1,319,1,796,California
Sierra,2021-02-20,2,1117,2,86,0,1031,0,0,0,475,2,321,0,796,California
Sierra,2021-02-22,1,1118,1,87,0,1031,0,0,1,476,0,321,1,797,California
Sierra,2021-02-23,4,1122,0,87,4,1035,0,0,4,480,0,321,4,801,California
Sierra,2021-02-24,4,1126,3,90,1,1036,0,0,3,482,1,322,3,804,California
Sierra,2021-02-25,125,1251,2,92,123,1159,0,0,58,474,66,388,58,862,California
Sierra,2021-02-26,11,1262,6,98,5,1164,0,0,4,471,7,395,4,866,California
Sierra,2021-02-27,2,1264,2,100,0,1164,0,0,0,469,2,397,0,866,California
Sierra,2021-03-01,2,1266,2,102,0,1164,0,0,0,467,2,399,0,866,California
Sierra,2021-03-02,56,1322,0,102,56,1220,0,0,38,487,18,417,38,904,California
Sierra,2021-03-03,2,1324,2,104,0,1220,0,0,1,487,1,418,1,905,California
Sierra,2021-03-04,108,1432,0,104,108,1328,0,0,58,495,50,468,58,963,California
Sierra,2021-03-05,13,1445,1,105,12,1340,0,0,11,504,2,470,11,974,California
Sierra,2021-03-07,1,1446,1,106,0,1340,0,0,0,503,1,471,0,974,California
Sierra,2021-03-08,2,1448,2,108,0,1340,0,0,2,505,0,471,2,976,California
Sierra,2021-03-09,56,1504,0,108,56,1396,0,0,12,473,44,515,12,988,California
Sierra,2021-03-10,6,1510,0,108,6,1402,0,0,4,475,2,517,4,992,California
Sierra,2021-03-11,175,1685,0,108,175,1577,0,0,43,387,131,648,43,1035,California
Sierra,2021-03-12,20,1705,1,109,19,1596,0,0,0,367,20,668,0,1035,California
Sierra,2021-03-13,28,1733,0,109,28,1624,0,0,28,395,0,668,28,1063,California
Sierra,2021-03-14,1,1734,0,109,0,1624,1,1,0,395,1,669,1,1064,California
Sierra,2021-03-15,1,1735,1,110,0,1624,0,1,0,394,1,670,0,1064,California
Sierra,2021-03-16,36,1771,0,110,35,1659,1,2,23,405,13,683,24,1088,California
Sierra,2021-03-17,4,1775,3,113,1,1660,0,2,1,403,3,686,1,1089,California
Sierra,2021-03-18,158,1933,0,113,158,1818,0,2,65,375,93,779,65,1154,California
Sierra,2021-03-19,4,1937,2,115,2,1820,0,2,1,373,3,782,1,1155,California
Sierra,2021-03-20,1,1938,0,115,1,1821,0,2,1,374,0,782,1,1156,California
Sierra,2021-03-23,22,1960,0,115,22,1843,0,2,13,378,9,791,13,1169,California
Sierra,2021-03-24,3,1963,1,116,2,1845,0,2,1,377,2,793,1,1170,California
Sierra,2021-03-25,100,2063,1,117,99,1944,0,2,51,379,49,842,51,1221,California
Sierra,2021-03-26,12,2075,1,118,11,1955,0,2,9,385,3,845,9,1230,California
Sierra,2021-03-27,2,2077,1,119,1,1956,0,2,0,383,2,847,0,1230,California
Sierra,2021-03-29,1,2078,1,120,0,1956,0,2,0,382,1,848,0,1230,California
Sierra,2021-03-30,55,2133,1,121,54,2010,0,2,22,371,33,881,22,1252,California
Sierra,2021-03-31,8,2141,0,121,8,2018,0,2,8,379,0,881,8,1260,California
Sierra,2021-04-01,60,2201,2,123,58,2076,0,2,6,331,54,935,6,1266,California
Sierra,2021-04-02,3,2204,2,125,1,2077,0,2,2,332,1,936,2,1268,California
Sierra,2021-04-05,1,2205,1,126,0,2077,0,2,1,333,0,936,1,1269,California
Sierra,2021-04-06,10,2215,0,126,10,2087,0,2,0,323,10,946,0,1269,California
Sierra,2021-04-07,15,2230,3,129,6,2093,6,8,3,321,11,957,9,1278,California
Sierra,2021-04-08,53,2283,2,131,51,2144,0,8,16,300,37,994,16,1294,California
Sierra,2021-04-09,2,2285,2,133,0,2144,0,8,1,300,1,995,1,1295,California
Sierra,2021-04-10,27,2312,0,133,27,2171,0,8,0,273,27,1022,0,1295,California
Sierra,2021-04-13,46,2358,0,133,46,2217,0,8,5,237,41,1063,5,1300,California
Sierra,2021-04-14,2,2360,1,134,1,2218,0,8,2,239,0,1063,2,1302,California
Sierra,2021-04-15,49,2409,1,135,48,2266,0,8,2,194,47,1110,2,1304,California
Sierra,2021-04-16,1,2410,0,135,1,2267,0,8,1,195,0,1110,1,1305,California
Sierra,2021-04-17,2,2412,1,136,1,2268,0,8,1,195,1,1111,1,1306,California
Sierra,2021-04-19,1,2413,1,137,0,2268,0,8,0,194,1,1112,0,1306,California
Sierra,2021-04-20,34,2447,1,138,33,2301,0,8,7,174,27,1139,7,1313,California
Sierra,2021-04-21,2,2449,1,139,1,2302,0,8,1,174,1,1140,1,1314,California
Sierra,2021-04-22,66,2515,2,141,64,2366,0,8,5,119,60,1200,5,1319,California
Sierra,2021-04-23,13,2528,0,141,13,2379,0,8,5,116,8,1208,5,1324,California
Sierra,2021-04-24,4,2532,0,141,4,2383,0,8,4,120,0,1208,4,1328,California
Sierra,2021-04-27,28,2560,1,142,27,2410,0,8,5,102,23,1231,5,1333,California
Sierra,2021-04-28,8,2568,1,143,7,2417,0,8,1,97,6,1237,1,1334,California
Sierra,2021-04-29,21,2589,3,146,18,2435,0,8,14,104,7,1244,14,1348,California
Sierra,2021-04-30,2,2591,0,146,2,2437,0,8,1,104,1,1245,1,1349,California
Siskiyou,2020-12-16,2,2,2,2,0,0,0,0,2,2,0,0,2,2,California
Siskiyou,2020-12-17,4,6,4,6,0,0,0,0,4,6,0,0,4,6,California
Siskiyou,2020-12-18,2,8,2,8,0,0,0,0,2,8,0,0,2,8,California
Siskiyou,2020-12-19,4,12,4,12,0,0,0,0,4,12,0,0,4,12,California
Siskiyou,2020-12-20,1,13,1,13,0,0,0,0,1,13,0,0,1,13,California
Siskiyou,2020-12-21,132,145,132,145,0,0,0,0,132,145,0,0,132,145,California
Siskiyou,2020-12-22,159,304,159,304,0,0,0,0,159,304,0,0,159,304,California
Siskiyou,2020-12-23,142,446,142,446,0,0,0,0,142,446,0,0,142,446,California
Siskiyou,2020-12-24,5,451,5,451,0,0,0,0,5,451,0,0,5,451,California
Siskiyou,2020-12-26,2,453,0,451,2,2,0,0,2,453,0,0,2,453,California
Siskiyou,2020-12-27,2,455,0,451,2,4,0,0,2,455,0,0,2,455,California
Siskiyou,2020-12-28,3,458,1,452,2,6,0,0,3,458,0,0,3,458,California
Siskiyou,2020-12-29,6,464,2,454,4,10,0,0,6,464,0,0,6,464,California
Siskiyou,2020-12-30,98,562,3,457,95,105,0,0,98,562,0,0,98,562,California
Siskiyou,2020-12-31,12,574,0,457,12,117,0,0,12,574,0,0,12,574,California
Siskiyou,2021-01-02,1,575,1,458,0,117,0,0,1,575,0,0,1,575,California
Siskiyou,2021-01-03,1,576,0,458,1,118,0,0,1,576,0,0,1,576,California
Siskiyou,2021-01-04,130,706,3,461,127,245,0,0,130,706,0,0,130,706,California
Siskiyou,2021-01-05,117,823,4,465,113,358,0,0,116,821,1,1,116,822,California
Siskiyou,2021-01-06,59,882,6,471,53,411,0,0,55,872,4,5,55,877,California
Siskiyou,2021-01-07,178,1060,4,475,174,585,0,0,177,1048,1,6,177,1054,California
Siskiyou,2021-01-08,41,1101,3,478,38,623,0,0,39,1085,2,8,39,1093,California
Siskiyou,2021-01-09,2,1103,2,480,0,623,0,0,0,1083,2,10,0,1093,California
Siskiyou,2021-01-11,226,1329,65,545,161,784,0,0,163,1183,63,73,163,1256,California
Siskiyou,2021-01-12,322,1651,274,819,48,832,0,0,88,1038,234,307,89,1345,California
Siskiyou,2021-01-13,157,1808,137,956,20,852,0,0,23,927,134,441,23,1368,California
Siskiyou,2021-01-14,26,1834,1,957,25,877,0,0,25,951,1,442,25,1393,California
Siskiyou,2021-01-15,35,1869,3,960,32,909,0,0,35,986,0,442,35,1428,California
Siskiyou,2021-01-16,7,1876,2,962,5,914,0,0,7,993,0,442,7,1435,California
Siskiyou,2021-01-17,1,1877,1,963,0,914,0,0,0,992,1,443,0,1435,California
Siskiyou,2021-01-18,77,1954,4,967,73,987,0,0,75,1065,2,445,75,1510,California
Siskiyou,2021-01-19,21,1975,1,968,20,1007,0,0,20,1084,1,446,20,1530,California
Siskiyou,2021-01-20,47,2022,35,1003,12,1019,0,0,43,1123,4,450,43,1573,California
Siskiyou,2021-01-21,42,2064,1,1004,41,1060,0,0,42,1165,0,450,42,1615,California
Siskiyou,2021-01-22,1328,3392,1176,2180,152,1212,0,0,1328,2493,0,450,1328,2943,California
Siskiyou,2021-01-23,5,3397,1,2181,4,1216,0,0,2,2492,3,453,2,2945,California
Siskiyou,2021-01-25,182,3579,8,2189,174,1390,0,0,178,2666,4,457,178,3123,California
Siskiyou,2021-01-26,148,3727,3,2192,145,1535,0,0,140,2798,8,465,140,3263,California
Siskiyou,2021-01-27,181,3908,1,2193,180,1715,0,0,126,2869,55,520,126,3389,California
Siskiyou,2021-01-28,232,4140,118,2311,114,1829,0,0,226,3089,6,526,226,3615,California
Siskiyou,2021-01-29,248,4388,2,2313,246,2075,0,0,246,3333,2,528,246,3861,California
Siskiyou,2021-01-30,3,4391,2,2315,1,2076,0,0,3,3336,0,528,3,3864,California
Siskiyou,2021-02-01,195,4586,3,2318,192,2268,0,0,105,3351,90,618,105,3969,California
Siskiyou,2021-02-02,289,4875,45,2363,244,2512,0,0,147,3356,142,760,147,4116,California
Siskiyou,2021-02-03,314,5189,1,2364,313,2825,0,0,264,3570,50,810,264,4380,California
Siskiyou,2021-02-04,321,5510,7,2371,314,3139,0,0,200,3649,121,931,200,4580,California
Siskiyou,2021-02-05,513,6023,4,2375,509,3648,0,0,348,3832,165,1096,348,4928,California
Siskiyou,2021-02-06,15,6038,0,2375,15,3663,0,0,15,3847,0,1096,15,4943,California
Siskiyou,2021-02-07,3,6041,2,2377,1,3664,0,0,3,3850,0,1096,3,4946,California
Siskiyou,2021-02-08,221,6262,5,2382,216,3880,0,0,216,4061,5,1101,216,5162,California
Siskiyou,2021-02-09,196,6458,4,2386,192,4072,0,0,163,4191,33,1134,163,5325,California
Siskiyou,2021-02-10,370,6828,40,2426,330,4402,0,0,317,4456,52,1186,317,5642,California
Siskiyou,2021-02-11,190,7018,1,2427,189,4591,0,0,174,4614,16,1202,174,5816,California
Siskiyou,2021-02-12,1691,8709,1199,3626,492,5083,0,0,501,3925,1190,2392,501,6317,California
Siskiyou,2021-02-13,36,8745,2,3628,34,5117,0,0,32,3953,4,2396,32,6349,California
Siskiyou,2021-02-14,5,8750,1,3629,4,5121,0,0,5,3958,0,2396,5,6354,California
Siskiyou,2021-02-15,107,8857,10,3639,97,5218,0,0,105,4061,2,2398,105,6459,California
Siskiyou,2021-02-16,114,8971,2,3641,112,5330,0,0,99,4145,15,2413,99,6558,California
Siskiyou,2021-02-17,185,9156,15,3656,170,5500,0,0,171,4302,14,2427,171,6729,California
Siskiyou,2021-02-18,222,9378,89,3745,133,5633,0,0,98,4276,124,2551,98,6827,California
Siskiyou,2021-02-19,70,9448,33,3778,37,5670,0,0,34,4274,36,2587,34,6861,California
Siskiyou,2021-02-20,21,9469,3,3781,18,5688,0,0,17,4287,4,2591,17,6878,California
Siskiyou,2021-02-21,1,9470,1,3782,0,5688,0,0,1,4288,0,2591,1,6879,California
Siskiyou,2021-02-22,124,9594,1,3783,123,5811,0,0,18,4200,106,2697,18,6897,California
Siskiyou,2021-02-23,196,9790,15,3798,181,5992,0,0,52,4108,144,2841,52,6949,California
Siskiyou,2021-02-24,147,9937,4,3802,143,6135,0,0,35,4031,112,2953,35,6984,California
Siskiyou,2021-02-25,300,10237,24,3826,276,6411,0,0,154,4039,146,3099,154,7138,California
Siskiyou,2021-02-26,668,10905,9,3835,659,7070,0,0,366,4103,302,3401,366,7504,California
Siskiyou,2021-02-27,33,10938,5,3840,28,7098,0,0,28,4126,5,3406,28,7532,California
Siskiyou,2021-02-28,5,10943,4,3844,1,7099,0,0,4,4129,1,3407,4,7536,California
Siskiyou,2021-03-01,280,11223,6,3850,274,7373,0,0,50,3949,230,3637,50,7586,California
Siskiyou,2021-03-02,190,11413,1,3851,189,7562,0,0,70,3899,120,3757,70,7656,California
Siskiyou,2021-03-03,343,11756,7,3858,336,7898,0,0,153,3862,190,3947,153,7809,California
Siskiyou,2021-03-04,782,12538,610,4468,172,8070,0,0,626,4332,156,4103,626,8435,California
Siskiyou,2021-03-05,325,12863,6,4474,308,8378,11,11,104,4229,218,4321,115,8550,California
Siskiyou,2021-03-06,43,12906,3,4477,33,8411,7,18,28,4249,15,4336,35,8585,California
Siskiyou,2021-03-07,12,12918,4,4481,0,8411,8,26,3,4251,9,4345,11,8596,California
Siskiyou,2021-03-08,361,13279,31,4512,295,8706,35,61,59,4043,302,4647,94,8690,California
Siskiyou,2021-03-09,161,13440,0,4512,108,8814,53,114,55,4045,106,4753,108,8798,California
Siskiyou,2021-03-10,220,13660,7,4519,183,8997,30,144,31,3917,189,4942,61,8859,California
Siskiyou,2021-03-11,470,14130,203,4722,220,9217,47,191,270,4035,199,5141,317,9176,California
Siskiyou,2021-03-12,646,14776,141,4863,466,9683,39,230,184,3798,460,5601,223,9399,California
Siskiyou,2021-03-13,428,15204,381,5244,24,9707,23,253,382,4157,46,5647,405,9804,California
Siskiyou,2021-03-14,20,15224,1,5245,3,9710,16,269,2,4157,18,5665,18,9822,California
Siskiyou,2021-03-15,453,15677,257,5502,176,9886,20,289,321,4366,132,5797,341,10163,California
Siskiyou,2021-03-16,255,15932,32,5534,206,10092,17,306,140,4409,114,5911,157,10320,California
Siskiyou,2021-03-17,202,16134,9,5543,185,10277,8,314,34,4283,168,6079,42,10362,California
Siskiyou,2021-03-18,926,17060,788,6331,126,10403,12,326,810,4989,116,6195,822,11184,California
Siskiyou,2021-03-19,66,17126,9,6340,44,10447,13,339,20,4976,46,6241,33,11217,California
Siskiyou,2021-03-20,30,17156,7,6347,18,10465,5,344,6,4963,24,6265,11,11228,California
Siskiyou,2021-03-21,10,17166,4,6351,1,10466,5,349,4,4966,6,6271,9,11237,California
Siskiyou,2021-03-22,207,17373,21,6372,164,10630,22,371,144,5072,60,6331,166,11403,California
Siskiyou,2021-03-23,195,17568,19,6391,166,10796,10,381,141,5169,54,6385,151,11554,California
Siskiyou,2021-03-24,141,17709,48,6439,93,10889,0,381,116,5260,25,6410,116,11670,California
Siskiyou,2021-03-25,569,18278,318,6757,248,11137,3,384,398,5490,171,6581,401,12071,California
Siskiyou,2021-03-26,304,18582,35,6792,269,11406,0,384,104,5396,198,6779,104,12175,California
Siskiyou,2021-03-27,37,18619,4,6796,28,11434,5,389,9,5382,28,6807,14,12189,California
Siskiyou,2021-03-28,8,18627,7,6803,1,11435,0,389,5,5384,3,6810,5,12194,California
Siskiyou,2021-03-29,98,18725,11,6814,85,11520,2,391,47,5383,50,6860,49,12243,California
Siskiyou,2021-03-30,99,18824,4,6818,94,11614,1,392,39,5363,60,6920,40,12283,California
Siskiyou,2021-03-31,190,19014,21,6839,166,11780,3,395,50,5278,139,7059,54,12337,California
Siskiyou,2021-04-01,823,19837,667,7506,156,11936,0,395,217,4889,606,7665,217,12554,California
Siskiyou,2021-04-02,345,20182,197,7703,144,12080,4,399,65,4680,278,7943,69,12623,California
Siskiyou,2021-04-03,26,20208,5,7708,14,12094,7,406,5,4671,21,7964,12,12635,California
Siskiyou,2021-04-04,2,20210,2,7710,0,12094,0,406,1,4671,1,7965,1,12636,California
Siskiyou,2021-04-05,436,20646,330,8040,79,12173,27,433,24,4311,411,8376,51,12687,California
Siskiyou,2021-04-06,214,20860,32,8072,129,12302,53,486,122,4394,91,8467,174,12861,California
Siskiyou,2021-04-07,115,20975,11,8083,62,12364,42,528,65,4451,50,8517,107,12968,California
Siskiyou,2021-04-08,346,21321,183,8266,122,12486,41,569,60,4266,286,8803,101,13069,California
Siskiyou,2021-04-09,547,21868,380,8646,130,12616,37,606,84,3926,462,9265,122,13191,California
Siskiyou,2021-04-10,46,21914,6,8652,3,12619,37,643,7,3931,39,9304,44,13235,California
Siskiyou,2021-04-11,8,21922,5,8657,1,12620,2,645,2,3929,6,9310,4,13239,California
Siskiyou,2021-04-12,129,22051,25,8682,103,12723,1,646,49,3899,80,9390,50,13289,California
Siskiyou,2021-04-13,204,22255,36,8718,167,12890,1,647,78,3852,126,9516,79,13368,California
Siskiyou,2021-04-14,158,22413,66,8784,92,12982,0,647,86,3868,70,9586,86,13454,California
Siskiyou,2021-04-15,1116,23529,956,9740,160,13142,0,647,436,3624,680,10266,436,13890,California
Siskiyou,2021-04-16,289,23818,198,9938,91,13233,0,647,258,3852,30,10296,258,14148,California
Siskiyou,2021-04-17,12,23830,9,9947,3,13236,0,647,8,3856,4,10300,8,14156,California
Siskiyou,2021-04-18,5,23835,3,9950,2,13238,0,647,2,3855,3,10303,2,14158,California
Siskiyou,2021-04-19,125,23960,22,9972,103,13341,0,647,43,3816,82,10385,43,14201,California
Siskiyou,2021-04-20,236,24196,4,9976,232,13573,0,647,93,3766,143,10528,93,14294,California
Siskiyou,2021-04-21,96,24292,12,9988,84,13657,0,647,26,3722,70,10598,26,14320,California
Siskiyou,2021-04-22,414,24706,302,10290,112,13769,0,647,50,3408,364,10962,50,14370,California
Siskiyou,2021-04-23,158,24864,13,10303,145,13914,0,647,136,3523,21,10983,136,14506,California
Siskiyou,2021-04-24,27,24891,4,10307,23,13937,0,647,19,3534,8,10991,19,14525,California
Siskiyou,2021-04-25,2,24893,0,10307,2,13939,0,647,2,3536,0,10991,2,14527,California
Siskiyou,2021-04-26,100,24993,7,10314,88,14027,5,652,25,3491,75,11066,30,14557,California
Siskiyou,2021-04-27,102,25095,3,10317,97,14124,2,654,83,3560,16,11082,85,14642,California
Siskiyou,2021-04-28,111,25206,9,10326,94,14218,8,662,54,3565,57,11139,62,14704,California
Siskiyou,2021-04-29,99,25305,13,10339,85,14303,1,663,29,3525,70,11209,30,14734,California
Siskiyou,2021-04-30,83,25388,18,10357,64,14367,1,664,38,3521,42,11251,38,14772,California
Solano,2020-12-15,4,4,4,4,0,0,0,0,4,4,0,0,4,4,California
Solano,2020-12-16,71,75,71,75,0,0,0,0,71,75,0,0,71,75,California
Solano,2020-12-17,153,228,153,228,0,0,0,0,153,228,0,0,153,228,California
Solano,2020-12-18,445,673,444,672,1,1,0,0,445,673,0,0,445,673,California
Solano,2020-12-19,517,1190,517,1189,0,1,0,0,517,1190,0,0,517,1190,California
Solano,2020-12-20,355,1545,353,1542,2,3,0,0,355,1545,0,0,355,1545,California
Solano,2020-12-21,573,2118,571,2113,2,5,0,0,573,2118,0,0,573,2118,California
Solano,2020-12-22,663,2781,630,2743,33,38,0,0,663,2781,0,0,663,2781,California
Solano,2020-12-23,860,3641,773,3516,87,125,0,0,859,3640,0,0,859,3640,California
Solano,2020-12-24,421,4062,170,3686,251,376,0,0,421,4061,0,0,421,4061,California
Solano,2020-12-25,10,4072,2,3688,8,384,0,0,10,4071,0,0,10,4071,California
Solano,2020-12-26,175,4247,48,3736,127,511,0,0,175,4246,0,0,175,4246,California
Solano,2020-12-27,104,4351,29,3765,75,586,0,0,104,4350,0,0,104,4350,California
Solano,2020-12-28,864,5215,421,4186,443,1029,0,0,864,5214,0,0,864,5214,California
Solano,2020-12-29,893,6108,374,4560,519,1548,0,0,893,6107,0,0,893,6107,California
Solano,2020-12-30,1211,7319,599,5159,612,2160,0,0,1211,7318,0,0,1211,7318,California
Solano,2020-12-31,537,7856,136,5295,401,2561,0,0,537,7855,0,0,537,7855,California
Solano,2021-01-01,14,7870,13,5308,1,2562,0,0,14,7869,0,0,14,7869,California
Solano,2021-01-02,212,8082,164,5472,48,2610,0,0,212,8081,0,0,212,8081,California
Solano,2021-01-03,57,8139,40,5512,17,2627,0,0,52,8133,0,0,52,8133,California
Solano,2021-01-04,450,8589,245,5757,205,2832,0,0,440,8570,3,3,440,8573,California
Solano,2021-01-05,725,9314,377,6134,348,3180,0,0,571,8992,149,152,571,9144,California
Solano,2021-01-06,843,10157,436,6570,407,3587,0,0,581,9313,260,412,581,9725,California
Solano,2021-01-07,1064,11221,683,7253,381,3968,0,0,607,9466,455,867,608,10333,California
Solano,2021-01-08,1135,12356,777,8030,358,4326,0,0,542,9435,575,1442,544,10877,California
Solano,2021-01-09,885,13241,763,8793,122,4448,0,0,428,9409,454,1896,428,11305,California
Solano,2021-01-10,254,13495,194,8987,60,4508,0,0,153,9461,101,1997,153,11458,California
Solano,2021-01-11,1328,14823,1117,10104,211,4719,0,0,812,9757,516,2513,812,12270,California
Solano,2021-01-12,1566,16389,1168,11272,398,5117,0,0,1015,10223,550,3063,1016,13286,California
Solano,2021-01-13,1464,17853,1004,12276,460,5577,0,0,1204,11169,258,3321,1204,14490,California
Solano,2021-01-14,1868,19721,798,13074,1070,6647,0,0,1554,12409,314,3635,1554,16044,California
Solano,2021-01-15,1693,21414,1058,14132,635,7282,0,0,1395,13506,298,3933,1395,17439,California
Solano,2021-01-16,1290,22704,903,15035,387,7669,0,0,1115,14446,175,4108,1115,18554,California
Solano,2021-01-17,1043,23747,760,15795,283,7952,0,0,1025,15453,18,4126,1025,19579,California
Solano,2021-01-18,1414,25161,856,16651,558,8510,0,0,1296,16633,118,4244,1298,20877,California
Solano,2021-01-19,1645,26806,1336,17987,309,8819,0,0,1373,17735,271,4515,1373,22250,California
Solano,2021-01-20,2031,28837,1420,19407,611,9430,0,0,1546,18799,482,4997,1546,23796,California
Solano,2021-01-21,3159,31996,1001,20408,2158,11588,0,0,2815,21271,344,5341,2816,26612,California
Solano,2021-01-22,1754,33750,843,21251,911,12499,0,0,1564,22645,190,5531,1564,28176,California
Solano,2021-01-23,733,34483,239,21490,494,12993,0,0,530,22972,204,5735,531,28707,California
Solano,2021-01-24,402,34885,60,21550,342,13335,0,0,336,23242,66,5801,336,29043,California
Solano,2021-01-25,1640,36525,622,22172,1018,14353,0,0,1089,23781,551,6352,1090,30133,California
Solano,2021-01-26,1774,38299,737,22909,1037,15390,0,0,1142,24293,631,6983,1143,31276,California
Solano,2021-01-27,1775,40074,725,23634,1050,16440,0,0,1181,24893,581,7564,1181,32457,California
Solano,2021-01-28,1903,41977,703,24337,1200,17640,0,0,1312,25616,590,8154,1313,33770,California
Solano,2021-01-29,1698,43675,783,25120,915,18555,0,0,1345,26610,351,8505,1345,35115,California
Solano,2021-01-30,710,44385,220,25340,490,19045,0,0,549,26998,161,8666,549,35664,California
Solano,2021-01-31,486,44871,394,25734,92,19137,0,0,231,26975,255,8921,232,35896,California
Solano,2021-02-01,1507,46378,987,26721,520,19657,0,0,766,27003,738,9659,766,36662,California
Solano,2021-02-02,3352,49730,1112,27833,2240,21897,0,0,2530,28715,818,10477,2530,39192,California
Solano,2021-02-03,2259,51989,1303,29136,956,22853,0,0,1165,28790,1090,11567,1165,40357,California
Solano,2021-02-04,1795,53784,908,30044,887,23740,0,0,1077,29154,713,12280,1077,41434,California
Solano,2021-02-05,3077,56861,1408,31452,1669,25409,0,0,2078,30242,990,13270,2078,43512,California
Solano,2021-02-06,3044,59905,1169,32621,1875,27284,0,0,2229,31660,811,14081,2229,45741,California
Solano,2021-02-07,849,60754,785,33406,64,27348,0,0,232,31275,617,14698,232,45973,California
Solano,2021-02-08,1739,62493,1233,34639,506,27854,0,0,706,30950,1031,15729,706,46679,California
Solano,2021-02-09,1913,64406,1479,36118,434,28288,0,0,688,30414,1224,16953,688,47367,California
Solano,2021-02-10,2261,66667,1500,37618,761,29049,0,0,831,29815,1430,18383,831,48198,California
Solano,2021-02-11,2457,69124,1448,39066,1009,30058,0,0,1173,29715,1273,19656,1173,49371,California
Solano,2021-02-12,4157,73281,1599,40665,2558,32616,0,0,2837,31239,1313,20969,2837,52208,California
Solano,2021-02-13,2820,76101,245,40910,2575,35191,0,0,2432,33286,385,21354,2432,54640,California
Solano,2021-02-14,691,76792,201,41111,490,35681,0,0,411,33420,278,21632,412,55052,California
Solano,2021-02-15,1298,78090,324,41435,974,36655,0,0,673,33469,624,22256,673,55725,California
Solano,2021-02-16,2495,80585,1327,42762,1168,37823,0,0,1646,34267,848,23104,1646,57371,California
Solano,2021-02-17,2922,83507,1433,44195,1489,39312,0,0,1940,35229,979,24083,1941,59312,California
Solano,2021-02-18,2743,86250,844,45039,1899,41211,0,0,822,34138,1914,25997,823,60135,California
Solano,2021-02-19,2354,88604,1405,46444,949,42160,0,0,1142,34074,1208,27205,1144,61279,California
Solano,2021-02-20,2548,91152,381,46825,2167,44327,0,0,2077,35679,472,27677,2077,63356,California
Solano,2021-02-21,2141,93293,1860,48685,281,44608,0,0,1857,37256,280,27957,1857,65213,California
Solano,2021-02-22,1709,95002,1040,49725,669,45277,0,0,905,37359,803,28760,906,66119,California
Solano,2021-02-23,2823,97825,1087,50812,1736,47013,0,0,1922,38383,898,29658,1922,68041,California
Solano,2021-02-24,2462,100287,1233,52045,1229,48242,0,0,1384,38691,1076,30734,1384,69425,California
Solano,2021-02-25,2376,102663,1431,53476,945,49187,0,0,1297,38915,1073,31807,1297,70722,California
Solano,2021-02-26,2950,105613,1808,55284,1142,50329,0,0,1642,39254,1303,33110,1642,72364,California
Solano,2021-02-27,3644,109257,1373,56657,2270,52599,1,1,2952,41523,684,33794,2953,75317,California
Solano,2021-02-28,1355,110612,1039,57696,316,52915,0,1,1078,42327,274,34068,1078,76395,California
Solano,2021-03-01,2418,113030,1049,58745,1368,54283,1,2,1816,43546,598,34666,1817,78212,California
Solano,2021-03-02,2145,115175,1363,60108,782,55065,0,2,1269,43939,876,35542,1269,79481,California
Solano,2021-03-03,2202,117377,1251,61359,951,56016,0,2,1370,44486,824,36366,1371,80852,California
Solano,2021-03-04,4335,121712,3399,64758,934,56950,2,4,3151,46465,1177,37543,3156,84008,California
Solano,2021-03-05,4886,126598,1663,66421,3218,60168,5,9,3944,49482,932,38475,3949,87957,California
Solano,2021-03-06,3833,130431,826,67247,2968,63136,39,48,2644,50985,1180,39655,2683,90640,California
Solano,2021-03-07,3533,133964,735,67982,2788,65924,10,58,1949,51371,1574,41229,1960,92600,California
Solano,2021-03-08,2106,136070,1314,69296,522,66446,270,328,1594,52725,508,41737,1862,94462,California
Solano,2021-03-09,3128,139198,1508,70804,1568,68014,52,380,2269,54184,859,42596,2318,96780,California
Solano,2021-03-10,2366,141564,1716,72520,564,68578,86,466,1251,54408,1111,43707,1335,98115,California
Solano,2021-03-11,5977,147541,1724,74244,3999,72577,254,720,4934,58554,1042,44749,5188,103303,California
Solano,2021-03-12,5955,153496,1560,75804,4222,76799,173,893,3176,59128,2775,47524,3349,106652,California
Solano,2021-03-13,4571,158067,804,76608,3683,80482,84,977,2241,59132,2323,49847,2327,108979,California
Solano,2021-03-14,3987,162054,3111,79719,423,80905,453,1430,1652,58904,2330,52177,2102,111081,California
Solano,2021-03-15,3999,166053,2443,82162,1239,82144,317,1747,2512,60254,1479,53656,2829,113910,California
Solano,2021-03-16,3052,169105,1322,83484,1495,83639,235,1982,1558,60557,1489,55145,1792,115702,California
Solano,2021-03-17,6244,175349,1662,85146,4491,88130,91,2073,4828,64063,1413,56558,4919,120621,California
Solano,2021-03-18,5155,180504,1817,86963,3302,91432,36,2109,3805,66561,1342,57900,3840,124461,California
Solano,2021-03-19,3242,183746,2327,89290,842,92274,73,2182,1749,66898,1486,59386,1823,126284,California
Solano,2021-03-20,5492,189238,1666,90956,3772,96046,54,2236,2823,67115,2660,62046,2877,129161,California
Solano,2021-03-21,1664,190902,1563,92519,77,96123,24,2260,851,67177,811,62857,873,130034,California
Solano,2021-03-22,2642,193544,2018,94537,574,96697,50,2310,1668,67923,968,63825,1714,131748,California
Solano,2021-03-23,3439,196983,1609,96146,1787,98484,43,2353,1439,67408,1996,65821,1481,133229,California
Solano,2021-03-24,2805,199788,1757,97903,1014,99498,34,2387,1366,67375,1433,67254,1400,134629,California
Solano,2021-03-25,4818,204606,3948,101851,835,100333,35,2422,2268,67133,2546,69800,2304,136933,California
Solano,2021-03-26,3205,207811,2081,103932,1088,101421,36,2458,1739,67450,1458,71258,1775,138708,California
Solano,2021-03-27,4181,211992,1146,105078,2999,104420,36,2494,1800,66911,2375,73633,1836,140544,California
Solano,2021-03-28,1411,213403,1103,106181,290,104710,18,2512,566,66655,841,74474,585,141129,California
Solano,2021-03-29,3459,216862,2027,108208,1415,106125,17,2529,1599,66420,1851,76325,1616,142745,California
Solano,2021-03-30,2981,219843,2007,110215,884,107009,90,2619,1895,67321,1084,77409,1985,144730,California
Solano,2021-03-31,3106,222949,2111,112326,836,107845,159,2778,1841,68055,1262,78671,1996,146726,California
Solano,2021-04-01,5488,228437,2076,114402,3268,111113,144,2922,3479,69683,1996,80667,3624,150350,California
Solano,2021-04-02,6466,234903,2208,116610,4092,115205,166,3088,2484,68365,3967,84634,2649,152999,California
Solano,2021-04-03,1516,236419,956,117566,407,115612,153,3241,552,68108,962,85596,705,153704,California
Solano,2021-04-04,777,237196,286,117852,190,115802,301,3542,239,68114,534,86130,540,154244,California
Solano,2021-04-05,2951,240147,2010,119862,735,116537,206,3748,1505,68380,1444,87574,1710,155954,California
Solano,2021-04-06,5723,245870,1617,121479,3616,120153,490,4238,1556,66264,4161,91735,2045,157999,California
Solano,2021-04-07,5672,251542,4352,125831,927,121080,393,4631,3214,67422,2448,94183,3606,161605,California
Solano,2021-04-08,6376,257918,1761,127592,3760,124840,855,5486,1786,65493,4564,98747,2635,164240,California
Solano,2021-04-09,6134,264052,1637,129229,3728,128568,769,6255,1503,63151,4613,103360,2271,166511,California
Solano,2021-04-10,1702,265754,944,130173,445,129013,313,6568,785,63333,916,104276,1098,167609,California
Solano,2021-04-11,1202,266956,741,130914,334,129347,127,6695,617,63495,582,104858,744,168353,California
Solano,2021-04-12,3242,270198,1666,132580,1217,130564,359,7054,1340,63295,1897,106755,1697,170050,California
Solano,2021-04-13,2517,272715,1086,133666,1430,131994,1,7055,1315,63413,1198,107953,1316,171366,California
Solano,2021-04-14,6349,279064,1925,135591,4424,136418,0,7055,1880,60837,4456,112409,1880,173246,California
Solano,2021-04-15,5382,284446,2117,137708,3265,139683,0,7055,1626,58718,3745,116154,1626,174872,California
Solano,2021-04-16,3640,288086,2551,140259,1087,140770,2,7057,2272,59631,1361,117515,2274,177146,California
Solano,2021-04-17,3226,291312,1057,141316,2169,142939,0,7057,1131,58675,2088,119603,1132,178278,California
Solano,2021-04-18,994,292306,599,141915,395,143334,0,7057,529,58740,464,120067,529,178807,California
Solano,2021-04-19,2049,294355,1154,143069,895,144229,0,7057,1138,58974,906,120973,1140,179947,California
Solano,2021-04-20,2982,297337,1816,144885,1166,145395,0,7057,1670,59335,1309,122282,1670,181617,California
Solano,2021-04-21,3460,300797,2295,147180,1165,146560,0,7057,1740,59360,1715,123997,1740,183357,California
Solano,2021-04-22,2878,303675,1434,148614,1444,148004,0,7057,1765,60015,1110,125107,1765,185122,California
Solano,2021-04-23,3984,307659,1951,150565,2033,150037,0,7057,2441,60920,1537,126644,2442,187564,California
Solano,2021-04-24,3261,310920,2185,152750,1074,151111,2,7059,2319,62356,885,127529,2321,189885,California
Solano,2021-04-25,1430,312350,1116,153866,314,151425,0,7059,1131,63195,292,127821,1131,191016,California
Solano,2021-04-26,2250,314600,1428,155294,818,152243,4,7063,1259,63477,981,128802,1263,192279,California
Solano,2021-04-27,2250,316850,1196,156490,1031,153274,23,7086,1247,63751,997,129799,1271,193550,California
Solano,2021-04-28,3745,320595,2822,159312,882,154156,41,7127,2429,64913,1308,131107,2470,196020,California
Solano,2021-04-29,2455,323050,952,160264,1472,155628,31,7158,1034,64566,1412,132519,1065,197085,California
Solano,2021-04-30,2624,325674,1410,161674,1155,156783,59,7217,1277,64563,1340,133859,1337,198422,California
Sonoma,2020-12-15,4,4,4,4,0,0,0,0,4,4,0,0,4,4,California
Sonoma,2020-12-16,27,31,27,31,0,0,0,0,27,31,0,0,27,31,California
Sonoma,2020-12-17,103,134,103,134,0,0,0,0,103,134,0,0,103,134,California
Sonoma,2020-12-18,421,555,421,555,0,0,0,0,421,555,0,0,421,555,California
Sonoma,2020-12-19,111,666,110,665,1,1,0,0,111,666,0,0,111,666,California
Sonoma,2020-12-20,174,840,174,839,0,1,0,0,174,840,0,0,174,840,California
Sonoma,2020-12-21,910,1750,908,1747,2,3,0,0,909,1749,0,0,909,1749,California
Sonoma,2020-12-22,1354,3104,1262,3009,92,95,0,0,1354,3103,0,0,1354,3103,California
Sonoma,2020-12-23,1605,4709,1229,4238,376,471,0,0,1606,4709,0,0,1606,4709,California
Sonoma,2020-12-24,305,5014,101,4339,204,675,0,0,305,5014,0,0,305,5014,California
Sonoma,2020-12-25,8,5022,2,4341,6,681,0,0,8,5022,0,0,8,5022,California
Sonoma,2020-12-26,267,5289,256,4597,11,692,0,0,267,5289,0,0,267,5289,California
Sonoma,2020-12-27,93,5382,80,4677,13,705,0,0,93,5382,0,0,93,5382,California
Sonoma,2020-12-28,986,6368,552,5229,434,1139,0,0,957,6339,0,0,957,6339,California
Sonoma,2020-12-29,1129,7497,776,6005,353,1492,0,0,1095,7434,0,0,1095,7434,California
Sonoma,2020-12-30,1093,8590,479,6484,614,2106,0,0,1085,8519,0,0,1085,8519,California
Sonoma,2020-12-31,517,9107,71,6555,446,2552,0,0,518,9037,0,0,518,9037,California
Sonoma,2021-01-01,10,9117,5,6560,5,2557,0,0,10,9047,0,0,10,9047,California
Sonoma,2021-01-02,132,9249,126,6686,6,2563,0,0,132,9179,0,0,132,9179,California
Sonoma,2021-01-03,25,9274,11,6697,14,2577,0,0,25,9204,0,0,25,9204,California
Sonoma,2021-01-04,341,9615,105,6802,236,2813,0,0,340,9544,0,0,340,9544,California
Sonoma,2021-01-05,438,10053,102,6904,336,3149,0,0,414,9943,15,15,414,9958,California
Sonoma,2021-01-06,947,11000,433,7337,514,3663,0,0,835,10673,105,120,835,10793,California
Sonoma,2021-01-07,1029,12029,535,7872,494,4157,0,0,859,11363,169,289,859,11652,California
Sonoma,2021-01-08,1785,13814,1229,9101,556,4713,0,0,1314,12208,469,758,1314,12966,California
Sonoma,2021-01-09,640,14454,403,9504,237,4950,0,0,592,12752,48,806,592,13558,California
Sonoma,2021-01-10,472,14926,461,9965,11,4961,0,0,279,12838,193,999,279,13837,California
Sonoma,2021-01-11,1382,16308,1236,11201,146,5107,0,0,414,12288,964,1963,414,14251,California
Sonoma,2021-01-12,1546,17854,1293,12494,253,5360,0,0,395,11534,1149,3112,395,14646,California
Sonoma,2021-01-13,2073,19927,1427,13921,646,6006,0,0,1212,11888,858,3970,1212,15858,California
Sonoma,2021-01-14,1530,21457,808,14729,722,6728,0,0,1300,12958,230,4200,1300,17158,California
Sonoma,2021-01-15,1564,23021,634,15363,930,7658,0,0,1344,14092,211,4411,1345,18503,California
Sonoma,2021-01-16,1143,24164,616,15979,527,8185,0,0,897,14747,242,4653,897,19400,California
Sonoma,2021-01-17,669,24833,548,16527,121,8306,0,0,588,15254,81,4734,588,19988,California
Sonoma,2021-01-18,1104,25937,931,17458,173,8479,0,0,614,15379,490,5224,615,20603,California
Sonoma,2021-01-19,2094,28031,1004,18462,1090,9569,0,0,1385,16058,707,5931,1386,21989,California
Sonoma,2021-01-20,2073,30104,624,19086,1449,11018,0,0,1412,16819,652,6583,1413,23402,California
Sonoma,2021-01-21,2236,32340,621,19707,1615,12633,0,0,2017,18620,217,6800,2018,25420,California
Sonoma,2021-01-22,2731,35071,1038,20745,1693,14326,0,0,2583,21056,147,6947,2583,28003,California
Sonoma,2021-01-23,767,35838,592,21337,175,14501,0,0,660,21610,106,7053,660,28663,California
Sonoma,2021-01-24,851,36689,715,22052,136,14637,0,0,835,22429,16,7069,835,29498,California
Sonoma,2021-01-25,2171,38860,520,22572,1651,16288,0,0,1684,23626,487,7556,1684,31182,California
Sonoma,2021-01-26,2013,40873,301,22873,1712,18000,0,0,1557,24728,455,8011,1557,32739,California
Sonoma,2021-01-27,3697,44570,1279,24152,2418,20418,0,0,3124,27284,571,8582,3127,35866,California
Sonoma,2021-01-28,4115,48685,1845,25997,2270,22688,0,0,3445,30063,667,9249,3446,39312,California
Sonoma,2021-01-29,2963,51648,1409,27406,1554,24242,0,0,2131,31365,830,10079,2132,41444,California
Sonoma,2021-01-30,2584,54232,2396,29802,188,24430,0,0,2244,33270,340,10419,2245,43689,California
Sonoma,2021-01-31,777,55009,665,30467,112,24542,0,0,579,33652,197,10616,579,44268,California
Sonoma,2021-02-01,2503,57512,884,31351,1619,26161,0,0,2098,35348,402,11018,2098,46366,California
Sonoma,2021-02-02,3447,60959,1368,32719,2079,28240,0,0,2881,37665,564,11582,2881,49247,California
Sonoma,2021-02-03,4035,64994,1323,34042,2712,30952,0,0,3105,39842,928,12510,3105,52352,California
Sonoma,2021-02-04,4196,69190,1708,35750,2488,33440,0,0,3415,42479,779,13289,3416,55768,California
Sonoma,2021-02-05,4811,74001,1739,37489,3072,36512,0,0,3798,45269,1009,14298,3799,59567,California
Sonoma,2021-02-06,2654,76655,2294,39783,360,36872,0,0,2096,46808,557,14855,2096,61663,California
Sonoma,2021-02-07,1535,78190,1400,41183,135,37007,0,0,1284,47841,251,15106,1284,62947,California
Sonoma,2021-02-08,3254,81444,1033,42216,2221,39228,0,0,2674,49936,579,15685,2674,65621,California
Sonoma,2021-02-09,3563,85007,1697,43913,1866,41094,0,0,3084,52544,477,16162,3085,68706,California
Sonoma,2021-02-10,4526,89533,2475,46388,2051,43145,0,0,3491,55007,1029,17191,3492,72198,California
Sonoma,2021-02-11,5558,95091,3008,49396,2550,45695,0,0,4378,58207,1178,18369,4378,76576,California
Sonoma,2021-02-12,5892,100983,3236,52632,2656,48351,0,0,4473,61268,1415,19784,4476,81052,California
Sonoma,2021-02-13,1983,102966,1152,53784,831,49182,0,0,1202,61692,778,20562,1202,82254,California
Sonoma,2021-02-14,2314,105280,1821,55605,493,49675,0,0,1569,62517,744,21306,1569,83823,California
Sonoma,2021-02-15,2138,107418,791,56396,1347,51022,0,0,1606,63592,531,21837,1606,85429,California
Sonoma,2021-02-16,4894,112312,2051,58447,2843,53865,0,0,3641,65984,1249,23086,3641,89070,California
Sonoma,2021-02-17,5585,117897,2890,61337,2695,56560,0,0,3586,67581,1991,25077,3588,92658,California
Sonoma,2021-02-18,6915,124812,3132,64469,3783,60343,0,0,4003,68680,2904,27981,4003,96661,California
Sonoma,2021-02-19,5511,130323,1664,66133,3847,64190,0,0,3414,70003,2092,30073,3415,100076,California
Sonoma,2021-02-20,3122,133445,2842,68975,280,64470,0,0,1218,69323,1898,31971,1218,101294,California
Sonoma,2021-02-21,517,133962,413,69388,104,64574,0,0,128,69065,386,32357,128,101422,California
Sonoma,2021-02-22,2871,136833,1353,70741,1518,66092,0,0,1196,68591,1670,34027,1196,102618,California
Sonoma,2021-02-23,3356,140189,2068,72809,1288,67380,0,0,1614,68467,1738,35765,1614,104232,California
Sonoma,2021-02-24,5629,145818,2539,75348,3090,70470,0,0,2909,68663,2715,38480,2911,107143,California
Sonoma,2021-02-25,5781,151599,2231,77579,3550,74020,0,0,3100,69103,2660,41140,3100,110243,California
Sonoma,2021-02-26,6246,157845,2748,80327,3498,77518,0,0,3964,70790,2277,43417,3964,114207,California
Sonoma,2021-02-27,4018,161863,1904,82231,2114,79632,0,0,2681,72136,1335,44752,2681,116888,California
Sonoma,2021-02-28,2332,164195,1848,84079,484,80116,0,0,612,71038,1710,46462,612,117500,California
Sonoma,2021-03-01,3734,167929,1129,85208,2605,82721,0,0,1877,71069,1847,48309,1878,119378,California
Sonoma,2021-03-02,4329,172258,1472,86680,2857,85578,0,0,2584,71916,1737,50046,2584,121962,California
Sonoma,2021-03-03,5020,177278,2624,89304,2396,87974,0,0,2307,71517,2706,52752,2307,124269,California
Sonoma,2021-03-04,5903,183181,2656,91960,3247,91221,0,0,2565,70758,3324,56076,2565,126834,California
Sonoma,2021-03-05,6418,189599,2810,94770,3593,94814,15,15,2702,69773,3703,59779,2718,129552,California
Sonoma,2021-03-06,2775,192374,1211,95981,1430,96244,134,149,1909,70955,860,60639,2042,131594,California
Sonoma,2021-03-07,1681,194055,1393,97374,253,96497,35,184,356,70023,1323,61962,391,131985,California
Sonoma,2021-03-08,4043,198098,653,98027,3215,99712,175,359,2376,70915,1657,63619,2549,134534,California
Sonoma,2021-03-09,5478,203576,3001,101028,2235,101947,242,601,2674,71034,2797,66416,2916,137450,California
Sonoma,2021-03-10,5939,209515,3167,104195,2445,104392,327,928,2395,70225,3530,69946,2721,140171,California
Sonoma,2021-03-11,7509,217024,2991,107186,3698,108090,820,1748,2555,68655,4946,74892,3376,143547,California
Sonoma,2021-03-12,7389,224413,2262,109448,3766,111856,1361,3109,2104,66849,5266,80158,3460,147007,California
Sonoma,2021-03-13,3245,227658,1543,110991,1467,113323,235,3344,1852,67541,1392,81550,2084,149091,California
Sonoma,2021-03-14,1378,229036,382,111373,855,114178,141,3485,850,68006,525,82075,990,150081,California
Sonoma,2021-03-15,5218,234254,1497,112870,3336,117514,385,3870,2191,67561,3019,85094,2574,152655,California
Sonoma,2021-03-16,6267,240521,2234,115104,3801,121315,232,4102,2902,67335,3359,88453,3133,155788,California
Sonoma,2021-03-17,6734,247255,3519,118623,3035,124350,180,4282,3282,67355,3441,91894,3461,159249,California
Sonoma,2021-03-18,7109,254364,2932,121555,3564,127914,613,4895,3180,67222,3923,95817,3790,163039,California
Sonoma,2021-03-19,7476,261840,3230,124785,4015,131929,231,5126,3192,66384,4265,100082,3427,166466,California
Sonoma,2021-03-20,3626,265466,1744,126529,1052,132981,830,5956,1971,67533,1648,101730,2797,169263,California
Sonoma,2021-03-21,1379,266845,602,127131,744,133725,33,5989,1214,68617,163,101893,1247,170510,California
Sonoma,2021-03-22,4492,271337,3088,130219,1303,135028,101,6090,3402,71034,1086,102979,3503,174013,California
Sonoma,2021-03-23,5793,277130,3599,133818,2118,137146,76,6166,4422,74169,1363,104342,4498,178511,California
Sonoma,2021-03-24,6592,283722,4263,138081,2263,139409,66,6232,3985,75629,2590,106932,4050,182561,California
Sonoma,2021-03-25,6972,290694,4187,142268,2679,142088,106,6338,4224,77234,2726,109658,4331,186892,California
Sonoma,2021-03-26,7267,297961,3444,145712,3734,145822,89,6427,3807,77685,3445,113103,3896,190788,California
Sonoma,2021-03-27,3797,301758,1501,147213,1934,147756,362,6789,1122,76500,2669,115772,1484,192272,California
Sonoma,2021-03-28,1503,303261,945,148158,531,148287,27,6816,943,76913,557,116329,970,193242,California
Sonoma,2021-03-29,2853,306114,1092,149250,1728,150015,33,6849,1582,77261,1267,117596,1615,194857,California
Sonoma,2021-03-30,5677,311791,3126,152376,2489,152504,62,6911,2994,77640,2677,120273,3056,197913,California
Sonoma,2021-03-31,5493,317284,3335,155711,1944,154448,214,7125,3205,78782,2278,122551,3420,201333,California
Sonoma,2021-04-01,6676,323960,3966,159677,2374,156822,336,7461,3579,79608,3081,125632,3907,205240,California
Sonoma,2021-04-02,5906,329866,3536,163213,2261,159083,109,7570,3559,80936,2341,127973,3669,208909,California
Sonoma,2021-04-03,3363,333229,1645,164858,1498,160581,220,7790,1460,80724,1891,129864,1679,210588,California
Sonoma,2021-04-04,1057,334286,687,165545,280,160861,90,7880,666,81093,387,130251,756,211344,California
Sonoma,2021-04-05,4355,338641,588,166133,3430,164291,337,8217,1639,80359,2710,132961,1976,213320,California
Sonoma,2021-04-06,6836,345477,3467,169600,2969,167260,400,8617,3968,81870,2855,135816,4366,217686,California
Sonoma,2021-04-07,6743,352220,3807,173407,2103,169363,833,9450,3271,82507,3463,139279,4100,221786,California
Sonoma,2021-04-08,7488,359708,4091,177498,2628,171991,769,10219,4081,83957,3396,142675,4846,226632,California
Sonoma,2021-04-09,6748,366456,3754,181252,2109,174100,885,11104,3464,85030,3272,145947,4345,230977,California
Sonoma,2021-04-10,3820,370276,1679,182931,1588,175688,553,11657,1093,83953,2718,148665,1641,232618,California
Sonoma,2021-04-11,1277,371553,603,183534,593,176281,81,11738,433,83624,843,149508,514,233132,California
Sonoma,2021-04-12,4932,376485,2053,185587,2397,178678,482,12220,1846,82867,3078,152586,2321,235453,California
Sonoma,2021-04-13,7780,384265,4611,190198,3167,181845,2,12222,2958,81013,4814,157400,2960,238413,California
Sonoma,2021-04-14,6353,390618,3589,193787,2745,184590,19,12241,2502,79698,3836,161236,2521,240934,California
Sonoma,2021-04-15,7097,397715,4036,197823,3061,187651,0,12241,3501,79614,3585,164821,3501,244435,California
Sonoma,2021-04-16,6783,404498,3411,201234,3371,191022,1,12242,3847,80531,2931,167752,3848,248283,California
Sonoma,2021-04-17,3071,407569,1494,202728,1577,192599,0,12242,1489,80445,1576,169328,1490,249773,California
Sonoma,2021-04-18,1200,408769,808,203536,392,192991,0,12242,369,79985,829,170157,369,250142,California
Sonoma,2021-04-19,3276,412045,1873,205409,1403,194394,0,12242,1444,79600,1829,171986,1444,251586,California
Sonoma,2021-04-20,6256,418301,3450,208859,2806,197200,0,12242,2371,78099,3873,175859,2372,253958,California
Sonoma,2021-04-21,6322,424623,4180,213039,2140,199340,2,12244,2913,77618,3395,179254,2914,256872,California
Sonoma,2021-04-22,6017,430640,4352,217391,1665,201005,0,12244,2463,76540,3541,182795,2463,259335,California
Sonoma,2021-04-23,7243,437883,4597,221988,2640,203645,6,12250,3608,76529,3626,186421,3615,262950,California
Sonoma,2021-04-24,2690,440573,1480,223468,1196,204841,14,12264,1524,76903,1164,187585,1538,264488,California
Sonoma,2021-04-25,1075,441648,783,224251,292,205133,0,12264,427,76684,646,188231,427,264915,California
Sonoma,2021-04-26,2554,444202,1238,225489,1291,206424,25,12289,1435,77031,1113,189344,1460,266375,California
Sonoma,2021-04-27,4931,449133,3495,228984,1340,207764,96,12385,2006,76221,2912,192256,2102,268477,California
Sonoma,2021-04-28,4099,453232,2710,231694,1221,208985,168,12553,1805,75908,2281,194537,1968,270445,California
Sonoma,2021-04-29,3972,457204,2864,234558,973,209958,135,12688,1390,74859,2575,197112,1526,271971,California
Sonoma,2021-04-30,3825,461029,2661,237219,1127,211085,37,12725,1303,73683,2517,199629,1341,273312,California
Stanislaus,2020-12-15,3,3,3,3,0,0,0,0,3,3,0,0,3,3,California
Stanislaus,2020-12-16,37,40,37,40,0,0,0,0,37,40,0,0,37,40,California
Stanislaus,2020-12-17,74,114,74,114,0,0,0,0,74,114,0,0,74,114,California
Stanislaus,2020-12-18,337,451,331,445,6,6,0,0,337,451,0,0,337,451,California
Stanislaus,2020-12-19,133,584,133,578,0,6,0,0,133,584,0,0,133,584,California
Stanislaus,2020-12-20,85,669,85,663,0,6,0,0,85,669,0,0,85,669,California
Stanislaus,2020-12-21,997,1666,996,1659,1,7,0,0,996,1665,0,0,996,1665,California
Stanislaus,2020-12-22,795,2461,783,2442,12,19,0,0,795,2460,0,0,795,2460,California
Stanislaus,2020-12-23,447,2908,430,2872,17,36,0,0,446,2906,0,0,446,2906,California
Stanislaus,2020-12-24,97,3005,88,2960,9,45,0,0,97,3003,0,0,97,3003,California
Stanislaus,2020-12-26,51,3056,8,2968,43,88,0,0,51,3054,0,0,51,3054,California
Stanislaus,2020-12-27,11,3067,6,2974,5,93,0,0,11,3065,0,0,11,3065,California
Stanislaus,2020-12-28,489,3556,394,3368,95,188,0,0,489,3554,0,0,489,3554,California
Stanislaus,2020-12-29,494,4050,416,3784,78,266,0,0,494,4048,0,0,494,4048,California
Stanislaus,2020-12-30,534,4584,279,4063,255,521,0,0,533,4580,1,1,533,4581,California
Stanislaus,2020-12-31,275,4859,156,4219,119,640,0,0,275,4855,0,1,275,4856,California
Stanislaus,2021-01-01,12,4871,4,4223,8,648,0,0,12,4867,0,1,12,4868,California
Stanislaus,2021-01-02,31,4902,24,4247,7,655,0,0,31,4898,0,1,31,4899,California
Stanislaus,2021-01-03,90,4992,87,4334,3,658,0,0,90,4988,0,1,90,4989,California
Stanislaus,2021-01-04,111,5103,32,4366,79,737,0,0,111,5099,0,1,111,5100,California
Stanislaus,2021-01-05,832,5935,341,4707,491,1228,0,0,810,5893,21,22,815,5915,California
Stanislaus,2021-01-06,950,6885,547,5254,403,1631,0,0,880,6707,67,89,881,6796,California
Stanislaus,2021-01-07,1076,7961,700,5954,376,2007,0,0,960,7553,115,204,961,7757,California
Stanislaus,2021-01-08,1279,9240,723,6677,556,2563,0,0,938,8157,338,542,942,8699,California
Stanislaus,2021-01-09,285,9525,141,6818,144,2707,0,0,195,8262,90,632,195,8894,California
Stanislaus,2021-01-10,48,9573,21,6839,27,2734,0,0,29,8272,19,651,29,8923,California
Stanislaus,2021-01-11,1519,11092,1244,8083,275,3009,0,0,595,7965,918,1569,611,9534,California
Stanislaus,2021-01-12,1461,12553,861,8944,600,3609,0,0,825,8164,632,2201,831,10365,California
Stanislaus,2021-01-13,1422,13975,672,9616,750,4359,0,0,1102,8953,320,2521,1109,11474,California
Stanislaus,2021-01-14,2219,16194,279,9895,1940,6299,0,0,2065,10922,152,2673,2121,13595,California
Stanislaus,2021-01-15,2804,18998,1145,11040,1659,7958,0,0,2663,13517,137,2810,2732,16327,California
Stanislaus,2021-01-16,468,19466,50,11090,418,8376,0,0,453,13958,14,2824,455,16782,California
Stanislaus,2021-01-17,243,19709,201,11291,42,8418,0,0,237,14190,5,2829,237,17019,California
Stanislaus,2021-01-18,2180,21889,1021,12312,1159,9577,0,0,1809,15693,366,3195,1869,18888,California
Stanislaus,2021-01-19,1248,23137,720,13032,528,10105,0,0,805,16058,441,3636,806,19694,California
Stanislaus,2021-01-20,998,24135,483,13515,515,10620,0,0,708,16477,289,3925,708,20402,California
Stanislaus,2021-01-21,3635,27770,2941,16456,694,11314,0,0,3332,19595,301,4226,3419,23821,California
Stanislaus,2021-01-22,1058,28828,306,16762,752,12066,0,0,1014,20573,40,4266,1018,24839,California
Stanislaus,2021-01-23,338,29166,38,16800,300,12366,0,0,282,20804,55,4321,286,25125,California
Stanislaus,2021-01-24,292,29458,100,16900,192,12558,0,0,226,20966,66,4387,228,25353,California
Stanislaus,2021-01-25,3135,32593,225,17125,2910,15468,0,0,2831,23624,304,4691,2962,28315,California
Stanislaus,2021-01-26,1719,34312,743,17868,976,16444,0,0,1298,24520,417,5108,1313,29628,California
Stanislaus,2021-01-27,1828,36140,990,18858,838,17282,0,0,1173,25047,647,5755,1174,30802,California
Stanislaus,2021-01-28,2194,38334,1500,20358,694,17976,0,0,1715,26340,471,6226,1764,32566,California
Stanislaus,2021-01-29,2428,40762,1189,21547,1239,19215,0,0,1911,27822,472,6698,1954,34520,California
Stanislaus,2021-01-30,290,41052,129,21676,161,19376,0,0,227,27997,52,6750,227,34747,California
Stanislaus,2021-01-31,364,41416,311,21987,53,19429,0,0,350,28336,11,6761,350,35097,California
Stanislaus,2021-02-01,1252,42668,548,22535,704,20133,0,0,911,28916,331,7092,911,36008,California
Stanislaus,2021-02-02,1231,43899,372,22907,859,20992,0,0,779,29255,444,7536,783,36791,California
Stanislaus,2021-02-03,2458,46357,1080,23987,1378,22370,0,0,1791,30389,663,8199,1797,38588,California
Stanislaus,2021-02-04,2083,48440,720,24707,1363,23733,0,0,1571,31461,504,8703,1576,40164,California
Stanislaus,2021-02-05,2830,51270,1457,26164,1373,25106,0,0,1592,31871,1186,9889,1596,41760,California
Stanislaus,2021-02-06,882,52152,299,26463,583,25689,0,0,692,32376,188,10077,693,42453,California
Stanislaus,2021-02-07,212,52364,188,26651,24,25713,0,0,42,32250,169,10246,43,42496,California
Stanislaus,2021-02-08,2009,54373,1314,27965,695,26408,0,0,1097,32471,880,11126,1101,43597,California
Stanislaus,2021-02-09,1822,56195,774,28739,1048,27456,0,0,1042,32753,764,11890,1046,44643,California
Stanislaus,2021-02-10,1926,58121,530,29269,1396,28852,0,0,1013,32873,895,12785,1015,45658,California
Stanislaus,2021-02-11,5352,63473,3251,32520,2101,30953,0,0,1224,30144,3957,16742,1228,46886,California
Stanislaus,2021-02-12,3276,66749,907,33427,2369,33322,0,0,1452,29834,1763,18505,1453,48339,California
Stanislaus,2021-02-13,1346,68095,648,34075,698,34020,0,0,979,30454,363,18868,983,49322,California
Stanislaus,2021-02-14,420,68515,169,34244,251,34271,0,0,351,30738,67,18935,351,49673,California
Stanislaus,2021-02-15,1791,70306,217,34461,1574,35845,0,0,570,30191,1122,20057,575,50248,California
Stanislaus,2021-02-16,1353,71659,416,34877,937,36782,0,0,575,29997,771,20828,577,50825,California
Stanislaus,2021-02-17,2721,74380,1659,36536,1062,37844,0,0,1936,31158,782,21610,1943,52768,California
Stanislaus,2021-02-18,3333,77713,1885,38421,1448,39292,0,0,1791,31489,1469,23079,1800,54568,California
Stanislaus,2021-02-19,2701,80414,1043,39464,1658,40950,0,0,1519,31869,1148,24227,1528,56096,California
Stanislaus,2021-02-20,743,81157,376,39840,367,41317,0,0,482,32107,246,24473,484,56580,California
Stanislaus,2021-02-21,870,82027,655,40495,215,41532,0,0,523,32314,327,24800,534,57114,California
Stanislaus,2021-02-22,2330,84357,1683,42178,647,42179,0,0,1634,33278,672,25472,1636,58750,California
Stanislaus,2021-02-23,3685,88042,679,42857,3006,45185,0,0,1734,33203,1815,27287,1740,60490,California
Stanislaus,2021-02-24,4134,92176,2826,45683,1308,46493,0,0,3125,35339,993,28280,3129,63619,California
Stanislaus,2021-02-25,3857,96033,2628,48311,1229,47722,0,0,3061,37624,779,29059,3064,66683,California
Stanislaus,2021-02-26,4150,100183,1192,49503,2958,50680,0,0,2807,39139,1301,30360,2816,69499,California
Stanislaus,2021-02-27,2066,102249,696,50199,1369,52049,1,1,1840,40781,199,30559,1841,71340,California
Stanislaus,2021-02-28,799,103048,257,50456,542,52591,0,1,754,41498,38,30597,755,72095,California
Stanislaus,2021-03-01,2719,105767,1590,52046,1129,53720,0,1,1600,42001,1102,31699,1605,73700,California
Stanislaus,2021-03-02,2362,108129,1402,53448,959,54679,1,2,1645,42937,710,32409,1646,75346,California
Stanislaus,2021-03-03,3691,111820,2216,55664,1473,56152,2,4,2892,45046,783,33192,2892,78238,California
Stanislaus,2021-03-04,5383,117203,3067,58731,2300,58452,16,20,4185,48066,1177,34369,4197,82435,California
Stanislaus,2021-03-05,4002,121205,1104,59835,2882,61334,16,36,3043,50180,944,35313,3058,85493,California
Stanislaus,2021-03-06,3564,124769,2218,62053,1253,62587,93,129,2714,52143,846,36159,2809,88302,California
Stanislaus,2021-03-07,838,125607,380,62433,422,63009,36,165,650,52647,182,36341,686,88988,California
Stanislaus,2021-03-08,1971,127578,847,63280,1036,64045,88,253,1315,53404,645,36986,1402,90390,California
Stanislaus,2021-03-09,2152,129730,886,64166,1174,65219,92,345,1621,54598,523,37509,1717,92107,California
Stanislaus,2021-03-10,5021,134751,2469,66635,2331,67550,221,566,3709,57243,1296,38805,3941,96048,California
Stanislaus,2021-03-11,5693,140444,3125,69760,2093,69643,475,1041,4126,60433,1413,40218,4603,100651,California
Stanislaus,2021-03-12,5740,146184,1216,70976,2605,72248,1919,2960,2915,62452,2811,43029,4830,105481,California
Stanislaus,2021-03-13,3354,149538,2159,73135,1127,73375,68,3028,2681,64539,667,43696,2754,108235,California
Stanislaus,2021-03-14,973,150511,577,73712,345,73720,51,3079,484,64590,487,44183,538,108773,California
Stanislaus,2021-03-15,3671,154182,1963,75675,1352,75072,356,3435,1600,64576,1977,46160,1963,110736,California
Stanislaus,2021-03-16,4886,159068,2435,78110,2041,77113,410,3845,3527,67171,1341,47501,3936,114672,California
Stanislaus,2021-03-17,4697,163765,2846,80956,1675,78788,176,4021,2879,68432,1800,49301,3061,117733,California
Stanislaus,2021-03-18,5394,169159,3405,84361,1923,80711,66,4087,2968,69191,2280,51581,3039,120772,California
Stanislaus,2021-03-19,5906,175065,1523,85884,2858,83569,1525,5612,3103,71040,2778,54359,4627,125399,California
Stanislaus,2021-03-20,3827,178892,2994,88878,765,84334,68,5680,3357,74002,463,54822,3425,128824,California
Stanislaus,2021-03-21,977,179869,877,89755,35,84369,65,5745,746,74583,230,55052,811,129635,California
Stanislaus,2021-03-22,2793,182662,1308,91063,761,85130,724,6469,1239,75006,1539,56591,1962,131597,California
Stanislaus,2021-03-23,3929,186591,2008,93071,1661,86791,260,6729,2810,76990,1102,57693,3086,134683,California
Stanislaus,2021-03-24,4510,191101,3198,96269,1244,88035,68,6797,2629,77850,1840,59533,2700,137383,California
Stanislaus,2021-03-25,4219,195320,2900,99169,1303,89338,16,6813,1812,77345,2334,61867,1829,139212,California
Stanislaus,2021-03-26,4698,200018,1328,100497,3295,92633,75,6888,2373,77514,2292,64159,2461,141673,California
Stanislaus,2021-03-27,4293,204311,2690,103187,1574,94207,29,6917,1389,76057,2888,67047,1431,143104,California
Stanislaus,2021-03-28,1092,205403,432,103619,555,94762,105,7022,345,75781,739,67786,463,143567,California
Stanislaus,2021-03-29,2944,208347,1804,105423,1101,95863,39,7061,1977,76844,960,68746,2023,145590,California
Stanislaus,2021-03-30,3633,211980,2032,107455,1574,97437,27,7088,2221,77694,1407,70153,2257,147847,California
Stanislaus,2021-03-31,5364,217344,3803,111258,1444,98881,117,7205,2750,77978,2598,72751,2882,150729,California
Stanislaus,2021-04-01,5687,223031,3809,115067,1789,100670,89,7294,2615,77648,3059,75810,2729,153458,California
Stanislaus,2021-04-02,4918,227949,1198,116265,3570,104240,150,7444,2193,77366,2643,78453,2361,155819,California
Stanislaus,2021-04-03,4508,232457,3281,119546,1190,105430,37,7481,2222,77370,2278,80731,2282,158101,California
Stanislaus,2021-04-04,1303,233760,469,120015,805,106235,29,7510,647,77406,651,81382,687,158788,California
Stanislaus,2021-04-05,3598,237358,2514,122529,834,107069,250,7760,2336,78743,1255,82637,2592,161380,California
Stanislaus,2021-04-06,5667,243025,4145,126674,1249,108318,273,8033,3021,79411,2633,85270,3301,164681,California
Stanislaus,2021-04-07,6310,249335,3580,130254,2311,110629,419,8452,2816,79170,3481,88751,3240,167921,California
Stanislaus,2021-04-08,5622,254957,3282,133536,1909,112538,431,8883,2722,79444,2884,91635,3158,171079,California
Stanislaus,2021-04-09,4763,259720,2066,135602,2331,114869,366,9249,2155,79388,2590,94225,2534,173613,California
Stanislaus,2021-04-10,6420,266140,3929,139531,858,115727,1633,10882,1956,78527,4444,98669,3583,177196,California
Stanislaus,2021-04-11,1501,267641,837,140368,531,116258,133,11015,651,78464,848,99517,785,177981,California
Stanislaus,2021-04-12,3535,271176,2005,142373,1096,117354,434,11449,1841,79061,1685,101202,2282,180263,California
Stanislaus,2021-04-13,5131,276307,3361,145734,1757,119111,13,11462,2880,79728,2218,103420,2885,183148,California
Stanislaus,2021-04-14,4596,280903,3215,148949,1381,120492,0,11462,2230,79628,2336,105756,2236,185384,California
Stanislaus,2021-04-15,5359,286262,3301,152250,2056,122548,2,11464,3233,80775,2090,107846,3237,188621,California
Stanislaus,2021-04-16,4244,290506,967,153217,3277,125825,0,11464,1795,80161,2411,110257,1797,190418,California
Stanislaus,2021-04-17,3102,293608,2069,155286,1033,126858,0,11464,1806,80686,1285,111542,1810,192228,California
Stanislaus,2021-04-18,519,294127,206,155492,313,127171,0,11464,399,80973,114,111656,401,192629,California
Stanislaus,2021-04-19,3442,297569,2445,157937,997,128168,0,11464,1651,80870,1762,113418,1659,194288,California
Stanislaus,2021-04-20,3957,301526,2401,160338,1556,129724,0,11464,1742,80424,2190,115608,1744,196032,California
Stanislaus,2021-04-21,3770,305296,2512,162850,1257,130981,1,11465,1616,79926,2121,117729,1623,197655,California
Stanislaus,2021-04-22,3929,309225,2390,165240,1539,132520,0,11465,1586,79216,2301,120030,1591,199246,California
Stanislaus,2021-04-23,3573,312798,837,166077,2736,135256,0,11465,1467,78675,2015,122045,1474,200720,California
Stanislaus,2021-04-24,3710,316508,2908,168985,802,136058,0,11465,1753,78493,1942,123987,1760,202480,California
Stanislaus,2021-04-25,931,317439,477,169462,454,136512,0,11465,687,78946,239,124226,692,203172,California
Stanislaus,2021-04-26,3150,320589,2220,171682,924,137436,6,11471,944,77712,2191,126417,957,204129,California
Stanislaus,2021-04-27,3780,324369,2652,174334,1086,138522,42,11513,1064,76120,2699,129116,1107,205236,California
Stanislaus,2021-04-28,3930,328299,2841,177175,1031,139553,58,11571,1744,75766,2171,131287,1817,207053,California
Stanislaus,2021-04-29,3216,331515,1921,179096,1249,140802,46,11617,1222,75069,1982,133269,1285,208338,California
Stanislaus,2021-04-30,3548,335063,1744,180840,1785,142587,19,11636,1264,74119,2276,135545,1326,209664,California
Sutter,2020-12-15,1,1,1,1,0,0,0,0,1,1,0,0,1,1,California
Sutter,2020-12-16,4,5,4,5,0,0,0,0,4,5,0,0,4,5,California
Sutter,2020-12-17,2,7,2,7,0,0,0,0,2,7,0,0,2,7,California
Sutter,2020-12-18,20,27,20,27,0,0,0,0,20,27,0,0,20,27,California
Sutter,2020-12-19,44,71,44,71,0,0,0,0,44,71,0,0,44,71,California
Sutter,2020-12-20,42,113,42,113,0,0,0,0,42,113,0,0,42,113,California
Sutter,2020-12-21,100,213,100,213,0,0,0,0,100,213,0,0,100,213,California
Sutter,2020-12-22,172,385,172,385,0,0,0,0,172,385,0,0,172,385,California
Sutter,2020-12-23,116,501,111,496,5,5,0,0,116,501,0,0,116,501,California
Sutter,2020-12-24,17,518,11,507,6,11,0,0,17,518,0,0,17,518,California
Sutter,2020-12-26,39,557,35,542,4,15,0,0,39,557,0,0,39,557,California
Sutter,2020-12-27,24,581,23,565,1,16,0,0,24,581,0,0,24,581,California
Sutter,2020-12-28,83,664,55,620,28,44,0,0,83,664,0,0,83,664,California
Sutter,2020-12-29,101,765,14,634,87,131,0,0,101,765,0,0,101,765,California
Sutter,2020-12-30,136,901,34,668,102,233,0,0,136,901,0,0,136,901,California
Sutter,2020-12-31,70,971,6,674,64,297,0,0,70,971,0,0,70,971,California
Sutter,2021-01-01,3,974,3,677,0,297,0,0,3,974,0,0,3,974,California
Sutter,2021-01-02,133,1107,131,808,2,299,0,0,133,1107,0,0,133,1107,California
Sutter,2021-01-03,1,1108,0,808,1,300,0,0,1,1108,0,0,1,1108,California
Sutter,2021-01-04,247,1355,139,947,108,408,0,0,247,1355,0,0,247,1355,California
Sutter,2021-01-05,99,1454,56,1003,43,451,0,0,97,1450,2,2,97,1452,California
Sutter,2021-01-06,204,1658,50,1053,154,605,0,0,199,1644,5,7,199,1651,California
Sutter,2021-01-07,252,1910,151,1204,101,706,0,0,243,1879,8,15,243,1894,California
Sutter,2021-01-08,147,2057,40,1244,107,813,0,0,130,1992,17,32,130,2024,California
Sutter,2021-01-09,45,2102,43,1287,2,815,0,0,4,1955,41,73,4,2028,California
Sutter,2021-01-10,397,2499,37,1324,360,1175,0,0,359,2277,37,110,359,2387,California
Sutter,2021-01-11,132,2631,114,1438,18,1193,0,0,26,2197,106,216,26,2413,California
Sutter,2021-01-12,201,2832,164,1602,37,1230,0,0,58,2112,143,359,58,2471,California
Sutter,2021-01-13,161,2993,98,1700,63,1293,0,0,71,2094,89,448,71,2542,California
Sutter,2021-01-14,145,3138,49,1749,96,1389,0,0,126,2201,19,467,126,2668,California
Sutter,2021-01-15,436,3574,132,1881,304,1693,0,0,421,2607,15,482,421,3089,California
Sutter,2021-01-16,385,3959,42,1923,343,2036,0,0,353,2929,31,513,353,3442,California
Sutter,2021-01-17,26,3985,24,1947,2,2038,0,0,10,2923,16,529,10,3452,California
Sutter,2021-01-18,116,4101,61,2008,55,2093,0,0,69,2945,47,576,69,3521,California
Sutter,2021-01-19,104,4205,43,2051,61,2154,0,0,79,2999,25,601,79,3600,California
Sutter,2021-01-20,255,4460,190,2241,65,2219,0,0,235,3214,20,621,235,3835,California
Sutter,2021-01-21,435,4895,267,2508,168,2387,0,0,416,3611,19,640,416,4251,California
Sutter,2021-01-22,268,5163,81,2589,187,2574,0,0,259,3861,9,649,259,4510,California
Sutter,2021-01-23,398,5561,40,2629,358,2932,0,0,371,4205,27,676,371,4881,California
Sutter,2021-01-24,17,5578,14,2643,3,2935,0,0,15,4218,2,678,15,4896,California
Sutter,2021-01-25,305,5883,195,2838,110,3045,0,0,151,4216,153,831,151,5047,California
Sutter,2021-01-26,244,6127,103,2941,141,3186,0,0,145,4263,98,929,145,5192,California
Sutter,2021-01-27,385,6512,255,3196,130,3316,0,0,320,4518,65,994,320,5512,California
Sutter,2021-01-28,524,7036,301,3497,223,3539,0,0,395,4785,128,1122,395,5907,California
Sutter,2021-01-29,419,7455,146,3643,273,3812,0,0,254,4874,165,1287,254,6161,California
Sutter,2021-01-30,775,8230,38,3681,737,4549,0,0,764,5627,11,1298,764,6925,California
Sutter,2021-01-31,27,8257,27,3708,0,4549,0,0,27,5654,0,1298,27,6952,California
Sutter,2021-02-01,165,8422,49,3757,116,4665,0,0,134,5757,31,1329,134,7086,California
Sutter,2021-02-02,244,8666,27,3784,217,4882,0,0,212,5937,32,1361,212,7298,California
Sutter,2021-02-03,443,9109,38,3822,405,5287,0,0,209,5912,234,1595,209,7507,California
Sutter,2021-02-04,670,9779,366,4188,304,5591,0,0,620,6482,50,1645,620,8127,California
Sutter,2021-02-05,285,10064,32,4220,253,5844,0,0,136,6469,149,1794,136,8263,California
Sutter,2021-02-06,733,10797,28,4248,705,6549,0,0,712,7160,21,1815,712,8975,California
Sutter,2021-02-07,23,10820,20,4268,3,6552,0,0,19,7175,4,1819,19,8994,California
Sutter,2021-02-08,134,10954,29,4297,105,6657,0,0,98,7237,36,1855,98,9092,California
Sutter,2021-02-09,245,11199,45,4342,200,6857,0,0,184,7360,61,1916,184,9276,California
Sutter,2021-02-10,818,12017,379,4721,439,7296,0,0,177,6897,640,2556,177,9453,California
Sutter,2021-02-11,603,12620,274,4995,329,7625,0,0,374,7042,229,2785,374,9827,California
Sutter,2021-02-12,633,13253,67,5062,566,8191,0,0,310,7030,322,3107,310,10137,California
Sutter,2021-02-13,898,14151,49,5111,849,9040,0,0,781,7694,117,3224,781,10918,California
Sutter,2021-02-14,90,14241,25,5136,65,9105,0,0,80,7764,10,3234,80,10998,California
Sutter,2021-02-15,197,14438,72,5208,125,9230,0,0,120,7807,77,3311,120,11118,California
Sutter,2021-02-16,288,14726,45,5253,243,9473,0,0,205,7930,82,3393,205,11323,California
Sutter,2021-02-17,823,15549,428,5681,395,9868,0,0,129,7365,694,4087,129,11452,California
Sutter,2021-02-18,699,16248,55,5736,644,10512,0,0,489,7645,209,4296,489,11941,California
Sutter,2021-02-19,663,16911,377,6113,286,10798,0,0,462,7908,199,4495,462,12403,California
Sutter,2021-02-20,617,17528,51,6164,566,11364,0,0,514,8320,102,4597,514,12917,California
Sutter,2021-02-21,29,17557,26,6190,3,11367,0,0,6,8303,23,4620,6,12923,California
Sutter,2021-02-22,207,17764,122,6312,85,11452,0,0,87,8270,120,4740,87,13010,California
Sutter,2021-02-23,224,17988,33,6345,191,11643,0,0,98,8242,126,4866,98,13108,California
Sutter,2021-02-24,958,18946,348,6693,610,12253,0,0,189,7663,768,5634,189,13297,California
Sutter,2021-02-25,776,19722,490,7183,286,12539,0,0,595,8080,178,5812,595,13892,California
Sutter,2021-02-26,368,20090,59,7242,309,12848,0,0,152,8018,214,6026,152,14044,California
Sutter,2021-02-27,864,20954,43,7285,821,13669,0,0,710,8572,156,6182,710,14754,California
Sutter,2021-02-28,83,21037,38,7323,45,13714,0,0,64,8618,18,6200,64,14818,California
Sutter,2021-03-01,247,21284,61,7384,186,13900,0,0,150,8671,97,6297,150,14968,California
Sutter,2021-03-02,334,21618,57,7441,277,14177,0,0,160,8658,173,6470,160,15128,California
Sutter,2021-03-03,1384,23002,514,7955,870,15047,0,0,647,8574,731,7201,647,15775,California
Sutter,2021-03-04,1256,24258,868,8823,388,15435,0,0,952,9226,300,7501,952,16727,California
Sutter,2021-03-05,336,24594,76,8899,259,15694,1,1,203,9298,132,7633,204,16931,California
Sutter,2021-03-06,1024,25618,46,8945,973,16667,5,6,862,10003,162,7795,867,17798,California
Sutter,2021-03-07,64,25682,23,8968,40,16707,1,7,44,10028,20,7815,45,17843,California
Sutter,2021-03-08,224,25906,77,9045,135,16842,12,19,156,10128,68,7883,168,18011,California
Sutter,2021-03-09,385,26291,135,9180,237,17079,13,32,182,10121,202,8085,195,18206,California
Sutter,2021-03-10,1568,27859,681,9861,826,17905,61,93,525,9667,1040,9125,586,18792,California
Sutter,2021-03-11,891,28750,438,10299,434,18339,19,112,646,10090,242,9367,665,19457,California
Sutter,2021-03-12,671,29421,109,10408,380,18719,182,294,198,9998,470,9837,378,19835,California
Sutter,2021-03-13,982,30403,749,11157,216,18935,17,311,782,10599,198,10035,799,20634,California
Sutter,2021-03-14,126,30529,20,11177,95,19030,11,322,41,10566,85,10120,52,20686,California
Sutter,2021-03-15,318,30847,66,11243,203,19233,49,371,151,10600,166,10286,200,20886,California
Sutter,2021-03-16,385,31232,85,11328,254,19487,46,417,208,10677,177,10463,254,21140,California
Sutter,2021-03-17,1496,32728,564,11892,913,20400,19,436,311,9830,1177,11640,330,21470,California
Sutter,2021-03-18,952,33680,166,12058,587,20987,199,635,564,10205,387,12027,762,22232,California
Sutter,2021-03-19,463,34143,164,12222,270,21257,29,664,283,10339,178,12205,312,22544,California
Sutter,2021-03-20,953,35096,116,12338,826,22083,11,675,865,11127,88,12293,876,23420,California
Sutter,2021-03-21,67,35163,47,12385,17,22100,3,678,37,11137,30,12323,40,23460,California
Sutter,2021-03-22,287,35450,121,12506,140,22240,26,704,211,11299,75,12398,237,23697,California
Sutter,2021-03-23,375,35825,114,12620,229,22469,32,736,252,11460,123,12521,284,23981,California
Sutter,2021-03-24,1684,37509,773,13393,841,23310,70,806,317,10494,1353,13874,387,24368,California
Sutter,2021-03-25,1034,38543,675,14068,318,23628,41,847,365,10233,667,14541,406,24774,California
Sutter,2021-03-26,482,39025,171,14239,294,23922,17,864,292,10355,187,14728,309,25083,California
Sutter,2021-03-27,934,39959,63,14302,869,24791,2,866,826,11078,105,14833,828,25911,California
Sutter,2021-03-28,125,40084,71,14373,54,24845,0,866,78,11111,45,14878,78,25989,California
Sutter,2021-03-29,421,40505,142,14515,224,25069,55,921,222,11191,197,15075,277,26266,California
Sutter,2021-03-30,475,40980,157,14672,308,25377,10,931,317,11360,158,15233,327,26593,California
Sutter,2021-03-31,1244,42224,175,14847,1053,26430,16,947,444,11029,790,16023,459,27052,California
Sutter,2021-04-01,1373,43597,727,15574,458,26888,188,1135,416,10683,950,16973,604,27656,California
Sutter,2021-04-02,514,44111,98,15672,298,27186,118,1253,205,10695,308,17281,320,27976,California
Sutter,2021-04-03,909,45020,76,15748,209,27395,624,1877,119,10650,788,18069,743,28719,California
Sutter,2021-04-04,117,45137,22,15770,89,27484,6,1883,55,10649,62,18131,61,28780,California
Sutter,2021-04-05,365,45502,143,15913,186,27670,36,1919,175,10673,187,18318,211,28991,California
Sutter,2021-04-06,509,46011,195,16108,258,27928,56,1975,273,10767,235,18553,329,29320,California
Sutter,2021-04-07,1476,47487,869,16977,532,28460,75,2050,613,10598,857,19410,688,30008,California
Sutter,2021-04-08,1025,48512,577,17554,339,28799,109,2159,562,10810,457,19867,669,30677,California
Sutter,2021-04-09,555,49067,245,17799,247,29046,63,2222,233,10786,320,20187,296,30973,California
Sutter,2021-04-10,817,49884,105,17904,87,29133,625,2847,103,10797,712,20899,723,31696,California
Sutter,2021-04-11,108,49992,26,17930,40,29173,42,2889,30,10791,78,20977,72,31768,California
Sutter,2021-04-12,336,50328,90,18020,192,29365,54,2943,136,10781,200,21177,190,31958,California
Sutter,2021-04-13,426,50754,123,18143,303,29668,0,2943,211,10779,213,21390,211,32169,California
Sutter,2021-04-14,1291,52045,159,18302,1131,30799,1,2944,214,9924,1071,22461,216,32385,California
Sutter,2021-04-15,465,52510,171,18473,294,31093,0,2944,179,9819,284,22745,179,32564,California
Sutter,2021-04-16,386,52896,115,18588,271,31364,0,2944,175,9784,210,22955,175,32739,California
Sutter,2021-04-17,572,53468,82,18670,490,31854,0,2944,500,10215,69,23024,500,33239,California
Sutter,2021-04-18,67,53535,8,18678,59,31913,0,2944,42,10233,24,23048,42,33281,California
Sutter,2021-04-19,289,53824,110,18788,179,32092,0,2944,121,10188,166,23214,121,33402,California
Sutter,2021-04-20,390,54214,135,18923,255,32347,0,2944,203,10205,186,23400,203,33605,California
Sutter,2021-04-21,1241,55455,423,19346,818,33165,0,2944,478,9929,754,24154,478,34083,California
Sutter,2021-04-22,465,55920,158,19504,307,33472,0,2944,248,9961,216,24370,248,34331,California
Sutter,2021-04-23,392,56312,110,19614,282,33754,0,2944,185,9940,206,24576,185,34516,California
Sutter,2021-04-24,324,56636,105,19719,219,33973,0,2944,185,9987,138,24714,185,34701,California
Sutter,2021-04-25,158,56794,76,19795,82,34055,0,2944,86,10004,69,24783,86,34787,California
Sutter,2021-04-26,259,57053,60,19855,197,34252,2,2946,117,9983,140,24923,119,34906,California
Sutter,2021-04-27,468,57521,230,20085,234,34486,4,2950,216,9955,249,25172,221,35127,California
Sutter,2021-04-28,761,58282,319,20404,434,34920,8,2958,231,9669,525,25697,239,35366,California
Sutter,2021-04-29,554,58836,39,20443,515,35435,0,2958,209,9535,343,26040,209,35575,California
Sutter,2021-04-30,228,59064,35,20478,184,35619,9,2967,74,9465,153,26193,83,35658,California
Tehama,2020-12-15,1,1,1,1,0,0,0,0,1,1,0,0,1,1,California
Tehama,2020-12-16,2,3,2,3,0,0,0,0,2,3,0,0,2,3,California
Tehama,2020-12-17,12,15,12,15,0,0,0,0,12,15,0,0,12,15,California
Tehama,2020-12-18,2,17,2,17,0,0,0,0,3,18,0,0,3,18,California
Tehama,2020-12-21,33,50,33,50,0,0,0,0,33,51,0,0,33,51,California
Tehama,2020-12-22,68,118,62,112,6,6,0,0,68,119,0,0,68,119,California
Tehama,2020-12-23,48,166,40,152,8,14,0,0,48,167,0,0,48,167,California
Tehama,2020-12-24,5,171,3,155,2,16,0,0,5,172,0,0,5,172,California
Tehama,2020-12-26,3,174,2,157,1,17,0,0,3,175,0,0,3,175,California
Tehama,2020-12-27,2,176,2,159,0,17,0,0,2,177,0,0,2,177,California
Tehama,2020-12-28,56,232,43,202,13,30,0,0,56,233,0,0,56,233,California
Tehama,2020-12-29,31,263,31,233,0,30,0,0,31,264,0,0,31,264,California
Tehama,2020-12-30,54,317,38,271,16,46,0,0,53,317,0,0,53,317,California
Tehama,2020-12-31,14,331,4,275,10,56,0,0,14,331,0,0,14,331,California
Tehama,2021-01-01,2,333,0,275,2,58,0,0,2,333,0,0,2,333,California
Tehama,2021-01-04,32,365,9,284,23,81,0,0,32,365,0,0,32,365,California
Tehama,2021-01-05,70,435,43,327,27,108,0,0,67,429,3,3,67,432,California
Tehama,2021-01-06,71,506,21,348,50,158,0,0,62,483,8,11,62,494,California
Tehama,2021-01-07,57,563,7,355,50,208,0,0,56,538,1,12,56,550,California
Tehama,2021-01-08,32,595,24,379,8,216,0,0,27,560,5,17,27,577,California
Tehama,2021-01-09,7,602,5,384,2,218,0,0,5,563,2,19,5,582,California
Tehama,2021-01-10,1,603,0,384,1,219,0,0,1,564,0,19,1,583,California
Tehama,2021-01-11,48,651,46,430,2,221,0,0,15,546,33,52,15,598,California
Tehama,2021-01-12,116,767,96,526,20,241,0,0,71,572,45,97,71,669,California
Tehama,2021-01-13,73,840,55,581,18,259,0,0,27,553,46,143,27,696,California
Tehama,2021-01-14,225,1065,50,631,175,434,0,0,223,774,2,145,223,919,California
Tehama,2021-01-15,247,1312,74,705,173,607,0,0,243,1013,4,149,243,1162,California
Tehama,2021-01-16,272,1584,27,732,245,852,0,0,269,1279,3,152,269,1431,California
Tehama,2021-01-17,13,1597,9,741,4,856,0,0,11,1288,2,154,11,1442,California
Tehama,2021-01-18,10,1607,6,747,4,860,0,0,5,1288,5,159,5,1447,California
Tehama,2021-01-19,288,1895,62,809,226,1086,0,0,233,1466,55,214,233,1680,California
Tehama,2021-01-20,301,2196,87,896,214,1300,0,0,251,1668,49,263,251,1931,California
Tehama,2021-01-21,214,2410,11,907,203,1503,0,0,204,1862,10,273,204,2135,California
Tehama,2021-01-22,219,2629,17,924,202,1705,0,0,216,2075,3,276,216,2351,California
Tehama,2021-01-23,261,2890,10,934,251,1956,0,0,260,2334,1,277,260,2611,California
Tehama,2021-01-25,32,2922,14,948,18,1974,0,0,14,2330,18,295,14,2625,California
Tehama,2021-01-26,323,3245,42,990,281,2255,0,0,286,2579,37,332,286,2911,California
Tehama,2021-01-27,299,3544,21,1011,278,2533,0,0,279,2838,20,352,279,3190,California
Tehama,2021-01-28,340,3884,29,1040,311,2844,0,0,325,3148,15,367,325,3515,California
Tehama,2021-01-29,321,4205,19,1059,302,3146,0,0,304,3435,17,384,304,3819,California
Tehama,2021-01-30,103,4308,2,1061,101,3247,0,0,102,3536,1,385,102,3921,California
Tehama,2021-01-31,1,4309,0,1061,1,3248,0,0,1,3537,0,385,1,3922,California
Tehama,2021-02-01,78,4387,22,1083,56,3304,0,0,36,3531,42,427,36,3958,California
Tehama,2021-02-02,343,4730,63,1146,280,3584,0,0,246,3683,94,521,246,4204,California
Tehama,2021-02-03,381,5111,12,1158,369,3953,0,0,337,3976,44,565,337,4541,California
Tehama,2021-02-04,467,5578,98,1256,369,4322,0,0,388,4286,79,644,389,4930,California
Tehama,2021-02-05,169,5747,73,1329,96,4418,0,0,108,4334,61,705,109,5039,California
Tehama,2021-02-06,28,5775,13,1342,15,4433,0,0,16,4338,12,717,16,5055,California
Tehama,2021-02-07,5,5780,4,1346,1,4434,0,0,2,4337,3,720,2,5057,California
Tehama,2021-02-08,36,5816,14,1360,22,4456,0,0,27,4355,9,729,27,5084,California
Tehama,2021-02-09,78,5894,34,1394,44,4500,0,0,44,4365,34,763,44,5128,California
Tehama,2021-02-10,234,6128,62,1456,172,4672,0,0,158,4447,76,839,158,5286,California
Tehama,2021-02-11,222,6350,16,1472,206,4878,0,0,82,4391,138,977,82,5368,California
Tehama,2021-02-12,361,6711,62,1534,299,5177,0,0,175,4381,186,1163,176,5544,California
Tehama,2021-02-13,386,7097,13,1547,373,5550,0,0,147,4289,239,1402,147,5691,California
Tehama,2021-02-14,33,7130,0,1547,33,5583,0,0,32,4320,1,1403,32,5723,California
Tehama,2021-02-15,51,7181,9,1556,42,5625,0,0,45,4359,6,1409,45,5768,California
Tehama,2021-02-16,242,7423,16,1572,226,5851,0,0,60,4237,182,1591,60,5828,California
Tehama,2021-02-17,280,7703,12,1584,268,6119,0,0,54,4065,226,1817,54,5882,California
Tehama,2021-02-18,368,8071,32,1616,336,6455,0,0,144,3985,224,2041,144,6026,California
Tehama,2021-02-19,213,8284,18,1634,195,6650,0,0,42,3856,171,2212,42,6068,California
Tehama,2021-02-20,271,8555,6,1640,265,6915,0,0,26,3637,245,2457,26,6094,California
Tehama,2021-02-22,37,8592,13,1653,24,6939,0,0,24,3648,13,2470,24,6118,California
Tehama,2021-02-23,46,8638,19,1672,27,6966,0,0,26,3654,20,2490,26,6144,California
Tehama,2021-02-24,298,8936,12,1684,286,7252,0,0,26,3408,272,2762,26,6170,California
Tehama,2021-02-25,376,9312,60,1744,316,7568,0,0,37,3106,339,3101,37,6207,California
Tehama,2021-02-26,455,9767,19,1763,436,8004,0,0,70,2791,385,3486,70,6277,California
Tehama,2021-02-27,294,10061,5,1768,289,8293,0,0,34,2565,260,3746,34,6311,California
Tehama,2021-02-28,23,10084,2,1770,21,8314,0,0,20,2582,3,3749,20,6331,California
Tehama,2021-03-01,65,10149,8,1778,57,8371,0,0,31,2579,34,3783,31,6362,California
Tehama,2021-03-02,126,10275,18,1796,108,8479,0,0,30,2513,96,3879,30,6392,California
Tehama,2021-03-03,139,10414,33,1829,106,8585,0,0,47,2468,92,3971,47,6439,California
Tehama,2021-03-04,611,11025,35,1864,576,9161,0,0,222,2308,382,4353,222,6661,California
Tehama,2021-03-05,390,11415,18,1882,372,9533,0,0,214,2347,175,4528,214,6875,California
Tehama,2021-03-06,299,11714,17,1899,282,9815,0,0,81,2212,217,4745,82,6957,California
Tehama,2021-03-07,5,11719,1,1900,4,9819,0,0,3,2214,1,4746,3,6960,California
Tehama,2021-03-08,58,11777,12,1912,31,9850,15,15,27,2226,30,4776,42,7002,California
Tehama,2021-03-09,362,12139,5,1917,338,10188,19,34,307,2497,55,4831,326,7328,California
Tehama,2021-03-10,351,12490,12,1929,318,10506,21,55,69,2306,281,5112,90,7418,California
Tehama,2021-03-11,483,12973,14,1943,423,10929,46,101,340,2549,143,5255,386,7804,California
Tehama,2021-03-12,304,13277,19,1962,220,11149,65,166,179,2668,125,5380,244,8048,California
Tehama,2021-03-13,45,13322,8,1970,31,11180,6,172,6,2641,39,5419,12,8060,California
Tehama,2021-03-14,51,13373,3,1973,37,11217,11,183,10,2621,41,5460,21,8081,California
Tehama,2021-03-15,151,13524,21,1994,110,11327,20,203,84,2658,67,5527,104,8185,California
Tehama,2021-03-16,410,13934,14,2008,358,11685,38,241,310,2907,99,5626,348,8533,California
Tehama,2021-03-17,422,14356,22,2030,368,12053,32,273,337,3193,83,5709,369,8902,California
Tehama,2021-03-18,484,14840,25,2055,435,12488,24,297,305,3345,177,5886,329,9231,California
Tehama,2021-03-19,313,15153,23,2078,277,12765,13,310,271,3587,42,5928,284,9515,California
Tehama,2021-03-20,40,15193,8,2086,30,12795,2,312,28,3605,12,5940,30,9545,California
Tehama,2021-03-21,12,15205,5,2091,7,12802,0,312,12,3617,0,5940,12,9557,California
Tehama,2021-03-22,90,15295,7,2098,66,12868,17,329,49,3642,41,5981,66,9623,California
Tehama,2021-03-23,85,15380,24,2122,54,12922,7,336,66,3696,19,6000,73,9696,California
Tehama,2021-03-24,86,15466,16,2138,68,12990,2,338,55,3722,31,6031,57,9753,California
Tehama,2021-03-25,514,15980,351,2489,150,13140,13,351,467,4156,46,6077,480,10233,California
Tehama,2021-03-26,481,16461,374,2863,95,13235,12,363,406,4499,75,6152,418,10651,California
Tehama,2021-03-27,440,16901,348,3211,67,13302,25,388,373,4831,66,6218,398,11049,California
Tehama,2021-03-28,34,16935,13,3224,21,13323,0,388,22,4841,12,6230,22,11071,California
Tehama,2021-03-29,123,17058,32,3256,90,13413,1,389,78,4875,44,6274,78,11149,California
Tehama,2021-03-30,363,17421,212,3468,149,13562,2,391,249,5012,114,6388,251,11400,California
Tehama,2021-03-31,379,17800,278,3746,98,13660,3,394,307,5250,71,6459,309,11709,California
Tehama,2021-04-01,523,18323,243,3989,274,13934,6,400,389,5511,134,6593,395,12104,California
Tehama,2021-04-02,444,18767,204,4193,234,14168,6,406,260,5592,184,6777,265,12369,California
Tehama,2021-04-03,61,18828,3,4196,53,14221,5,411,30,5596,31,6808,35,12404,California
Tehama,2021-04-04,34,18862,6,4202,27,14248,1,412,22,5607,12,6820,23,12427,California
Tehama,2021-04-05,114,18976,20,4222,68,14316,26,438,59,5637,55,6875,85,12512,California
Tehama,2021-04-06,483,19459,105,4327,327,14643,51,489,135,5475,348,7223,186,12698,California
Tehama,2021-04-07,418,19877,279,4606,95,14738,44,533,304,5709,113,7336,347,13045,California
Tehama,2021-04-08,597,20474,172,4778,387,15125,38,571,228,5607,368,7704,266,13311,California
Tehama,2021-04-09,420,20894,186,4964,201,15326,33,604,208,5638,210,7914,241,13552,California
Tehama,2021-04-10,72,20966,9,4973,37,15363,26,630,39,5670,33,7947,65,13617,California
Tehama,2021-04-11,33,20999,7,4980,15,15378,11,641,8,5664,25,7972,19,13636,California
Tehama,2021-04-12,113,21112,6,4986,88,15466,19,660,44,5658,69,8041,63,13699,California
Tehama,2021-04-13,297,21409,57,5043,240,15706,0,660,63,5487,234,8275,63,13762,California
Tehama,2021-04-14,465,21874,49,5092,416,16122,0,660,51,5125,413,8688,51,13813,California
Tehama,2021-04-15,495,22369,192,5284,303,16425,0,660,85,4800,410,9098,85,13898,California
Tehama,2021-04-16,584,22953,332,5616,252,16677,0,660,95,4406,489,9587,95,13993,California
Tehama,2021-04-17,345,23298,266,5882,79,16756,0,660,51,4165,293,9880,52,14045,California
Tehama,2021-04-18,16,23314,2,5884,14,16770,0,660,12,4173,4,9884,12,14057,California
Tehama,2021-04-19,93,23407,7,5891,86,16856,0,660,41,4162,52,9936,41,14098,California
Tehama,2021-04-20,500,23907,412,6303,88,16944,0,660,149,3964,349,10285,151,14249,California
Tehama,2021-04-21,510,24417,437,6740,73,17017,0,660,183,3820,327,10612,183,14432,California
Tehama,2021-04-22,508,24925,358,7098,150,17167,0,660,151,3615,356,10968,151,14583,California
Tehama,2021-04-23,432,25357,335,7433,97,17264,0,660,203,3590,229,11197,204,14787,California
Tehama,2021-04-24,104,25461,18,7451,86,17350,0,660,30,3546,74,11271,30,14817,California
Tehama,2021-04-25,29,25490,18,7469,11,17361,0,660,11,3539,18,11289,11,14828,California
Tehama,2021-04-26,72,25562,7,7476,65,17426,0,660,43,3553,29,11318,43,14871,California
Tehama,2021-04-27,249,25811,204,7680,45,17471,0,660,94,3492,155,11473,94,14965,California
Tehama,2021-04-28,323,26134,244,7924,62,17533,17,677,60,3306,263,11736,77,15042,California
Tehama,2021-04-29,281,26415,126,8050,150,17683,5,682,50,3131,230,11966,55,15097,California
Tehama,2021-04-30,279,26694,212,8262,63,17746,4,686,91,3038,188,12154,95,15192,California
Trinity,2020-12-17,4,4,4,4,0,0,0,0,4,4,0,0,4,4,California
Trinity,2020-12-18,2,6,2,6,0,0,0,0,2,6,0,0,2,6,California
Trinity,2020-12-21,39,45,39,45,0,0,0,0,39,45,0,0,39,45,California
Trinity,2020-12-22,5,50,5,50,0,0,0,0,5,50,0,0,5,50,California
Trinity,2020-12-23,5,55,5,55,0,0,0,0,5,55,0,0,5,55,California
Trinity,2020-12-28,30,85,30,85,0,0,0,0,30,85,0,0,30,85,California
Trinity,2020-12-29,8,93,7,92,1,1,0,0,8,93,0,0,8,93,California
Trinity,2020-12-30,10,103,8,100,2,3,0,0,10,103,0,0,10,103,California
Trinity,2020-12-31,2,105,1,101,1,4,0,0,2,105,0,0,2,105,California
Trinity,2021-01-04,27,132,0,101,27,31,0,0,26,131,0,0,26,131,California
Trinity,2021-01-05,2,134,1,102,1,32,0,0,2,133,0,0,2,133,California
Trinity,2021-01-06,24,158,4,106,20,52,0,0,20,149,4,4,20,153,California
Trinity,2021-01-08,49,207,2,108,47,99,0,0,48,195,2,6,48,201,California
Trinity,2021-01-11,42,249,39,147,3,102,0,0,4,161,38,44,4,205,California
Trinity,2021-01-12,9,258,7,154,2,104,0,0,4,160,5,49,4,209,California
Trinity,2021-01-13,7,265,4,158,3,107,0,0,4,161,3,52,4,213,California
Trinity,2021-01-14,4,269,1,159,3,110,0,0,4,165,0,52,4,217,California
Trinity,2021-01-15,4,273,0,159,4,114,0,0,4,169,0,52,4,221,California
Trinity,2021-01-16,4,277,0,159,4,118,0,0,4,173,0,52,4,225,California
Trinity,2021-01-18,31,308,31,190,0,118,0,0,1,144,30,82,1,226,California
Trinity,2021-01-19,96,404,14,204,82,200,0,0,82,212,14,96,82,308,California
Trinity,2021-01-20,19,423,3,207,16,216,0,0,17,227,2,98,17,325,California
Trinity,2021-01-21,17,440,7,214,10,226,0,0,17,244,0,98,17,342,California
Trinity,2021-01-22,5,445,1,215,4,230,0,0,5,249,0,98,5,347,California
Trinity,2021-01-23,7,452,3,218,4,234,0,0,7,256,0,98,7,354,California
Trinity,2021-01-25,14,466,1,219,13,247,0,0,13,268,1,99,13,367,California
Trinity,2021-01-26,10,476,1,220,9,256,0,0,9,276,1,100,9,376,California
Trinity,2021-01-27,12,488,0,220,12,268,0,0,12,288,0,100,12,388,California
Trinity,2021-01-28,13,501,3,223,10,278,0,0,10,295,3,103,10,398,California
Trinity,2021-01-29,3,504,1,224,2,280,0,0,2,296,1,104,2,400,California
Trinity,2021-01-30,12,516,11,235,1,281,0,0,12,308,0,104,12,412,California
Trinity,2021-02-01,2,518,1,236,1,282,0,0,1,308,1,105,1,413,California
Trinity,2021-02-02,13,531,3,239,10,292,0,0,13,321,0,105,13,426,California
Trinity,2021-02-03,6,537,1,240,5,297,0,0,3,321,3,108,3,429,California
Trinity,2021-02-04,42,579,32,272,10,307,0,0,35,349,7,115,35,464,California
Trinity,2021-02-05,350,929,0,272,350,657,0,0,320,639,30,145,320,784,California
Trinity,2021-02-06,210,1139,5,277,205,862,0,0,203,835,7,152,203,987,California
Trinity,2021-02-07,1,1140,0,277,1,863,0,0,1,836,0,152,1,988,California
Trinity,2021-02-08,25,1165,0,277,25,888,0,0,15,841,10,162,15,1003,California
Trinity,2021-02-09,27,1192,2,279,25,913,0,0,11,836,16,178,11,1014,California
Trinity,2021-02-10,122,1314,10,289,112,1025,0,0,102,918,20,198,102,1116,California
Trinity,2021-02-11,339,1653,2,291,337,1362,0,0,332,1243,7,205,332,1448,California
Trinity,2021-02-12,14,1667,6,297,8,1370,0,0,10,1249,4,209,10,1458,California
Trinity,2021-02-13,12,1679,5,302,7,1377,0,0,5,1247,7,216,5,1463,California
Trinity,2021-02-14,2,1681,2,304,0,1377,0,0,2,1249,0,216,2,1465,California
Trinity,2021-02-15,47,1728,0,304,47,1424,0,0,47,1296,0,216,47,1512,California
Trinity,2021-02-16,6,1734,2,306,4,1428,0,0,3,1296,3,219,3,1515,California
Trinity,2021-02-17,94,1828,2,308,92,1520,0,0,84,1370,10,229,84,1599,California
Trinity,2021-02-18,4,1832,0,308,4,1524,0,0,1,1368,3,232,1,1600,California
Trinity,2021-02-19,304,2136,2,310,302,1826,0,0,290,1644,14,246,290,1890,California
Trinity,2021-02-20,141,2277,14,324,127,1953,0,0,113,1729,28,274,113,2003,California
Trinity,2021-02-22,8,2285,0,324,8,1961,0,0,5,1731,3,277,5,2008,California
Trinity,2021-02-23,11,2296,4,328,7,1968,0,0,6,1732,5,282,6,2014,California
Trinity,2021-02-24,30,2326,8,336,22,1990,0,0,7,1716,23,305,7,2021,California
Trinity,2021-02-25,36,2362,23,359,13,2003,0,0,5,1690,31,336,5,2026,California
Trinity,2021-02-26,11,2373,1,360,10,2013,0,0,5,1689,6,342,5,2031,California
Trinity,2021-02-27,9,2382,7,367,2,2015,0,0,4,1688,5,347,4,2035,California
Trinity,2021-03-01,8,2390,0,367,8,2023,0,0,5,1690,3,350,5,2040,California
Trinity,2021-03-02,9,2399,3,370,6,2029,0,0,2,1685,7,357,2,2042,California
Trinity,2021-03-03,5,2404,0,370,5,2034,0,0,4,1688,1,358,4,2046,California
Trinity,2021-03-04,20,2424,15,385,5,2039,0,0,13,1694,7,365,13,2059,California
Trinity,2021-03-05,388,2812,1,386,387,2426,0,0,121,1552,263,628,121,2180,California
Trinity,2021-03-06,202,3014,7,393,195,2621,0,0,27,1404,175,803,27,2207,California
Trinity,2021-03-07,4,3018,3,396,1,2622,0,0,3,1406,1,804,3,2210,California
Trinity,2021-03-08,3,3021,0,396,2,2624,1,1,1,1406,2,806,2,2212,California
Trinity,2021-03-09,94,3115,0,396,92,2716,2,3,89,1492,5,811,91,2303,California
Trinity,2021-03-10,126,3241,3,399,120,2836,3,6,38,1445,88,899,41,2344,California
Trinity,2021-03-11,13,3254,3,402,8,2844,2,8,4,1442,9,908,6,2350,California
Trinity,2021-03-12,385,3639,5,407,374,3218,6,14,90,1243,295,1203,96,2446,California
Trinity,2021-03-13,13,3652,8,415,3,3221,2,16,8,1248,5,1208,10,2456,California
Trinity,2021-03-14,2,3654,0,415,2,3223,0,16,2,1250,0,1208,2,2458,California
Trinity,2021-03-15,67,3721,0,415,66,3289,1,17,14,1212,53,1261,15,2473,California
Trinity,2021-03-16,115,3836,7,422,108,3397,0,17,101,1299,14,1275,101,2574,California
Trinity,2021-03-17,100,3936,3,425,97,3494,0,17,26,1251,74,1349,26,2600,California
Trinity,2021-03-18,10,3946,2,427,5,3499,3,20,5,1254,5,1354,8,2608,California
Trinity,2021-03-19,459,4405,4,431,345,3844,110,130,36,977,423,1777,146,2754,California
Trinity,2021-03-20,104,4509,7,438,97,3941,0,130,69,1011,35,1812,69,2823,California
Trinity,2021-03-21,4,4513,0,438,3,3944,1,131,3,1014,1,1813,4,2827,California
Trinity,2021-03-22,2,4515,0,438,2,3946,0,131,2,1016,0,1813,2,2829,California
Trinity,2021-03-23,95,4610,1,439,94,4040,0,131,78,1077,17,1830,78,2907,California
Trinity,2021-03-24,12,4622,1,440,11,4051,0,131,9,1083,3,1833,9,2916,California
Trinity,2021-03-25,109,4731,7,447,96,4147,6,137,83,1146,26,1859,89,3005,California
Trinity,2021-03-26,85,4816,8,455,77,4224,0,137,78,1217,7,1866,78,3083,California
Trinity,2021-03-27,17,4833,4,459,4,4228,9,146,6,1221,11,1877,15,3098,California
Trinity,2021-03-28,5,4838,3,462,2,4230,0,146,1,1218,4,1881,1,3099,California
Trinity,2021-03-29,5,4843,0,462,5,4235,0,146,2,1217,3,1884,2,3101,California
Trinity,2021-03-30,76,4919,4,466,72,4307,0,146,67,1275,9,1893,67,3168,California
Trinity,2021-03-31,56,4975,5,471,19,4326,32,178,21,1292,35,1928,52,3220,California
Trinity,2021-04-01,41,5016,11,482,19,4345,11,189,21,1304,20,1948,32,3252,California
Trinity,2021-04-02,240,5256,5,487,161,4506,74,263,70,1279,169,2117,144,3396,California
Trinity,2021-04-03,19,5275,14,501,5,4511,0,263,9,1278,10,2127,9,3405,California
Trinity,2021-04-04,10,5285,8,509,2,4513,0,263,8,1284,2,2129,8,3413,California
Trinity,2021-04-05,59,5344,6,515,52,4565,1,264,55,1336,4,2133,56,3469,California
Trinity,2021-04-06,110,5454,13,528,94,4659,3,267,22,1273,88,2221,25,3494,California
Trinity,2021-04-07,21,5475,12,540,4,4663,5,272,13,1283,8,2229,18,3512,California
Trinity,2021-04-08,87,5562,10,550,75,4738,2,274,50,1298,37,2266,52,3564,California
Trinity,2021-04-09,168,5730,20,570,143,4881,5,279,89,1313,79,2345,94,3658,California
Trinity,2021-04-10,11,5741,7,577,4,4885,0,279,10,1322,1,2346,10,3668,California
Trinity,2021-04-11,9,5750,5,582,2,4887,2,281,4,1323,5,2351,6,3674,California
Trinity,2021-04-12,77,5827,5,587,71,4958,1,282,64,1375,12,2363,64,3738,California
Trinity,2021-04-13,96,5923,4,591,92,5050,0,282,10,1299,86,2449,10,3748,California
Trinity,2021-04-14,10,5933,5,596,5,5055,0,282,6,1301,4,2453,6,3754,California
Trinity,2021-04-15,43,5976,10,606,33,5088,0,282,14,1286,29,2482,14,3768,California
Trinity,2021-04-16,143,6119,12,618,131,5219,0,282,71,1285,72,2554,71,3839,California
Trinity,2021-04-17,11,6130,5,623,6,5225,0,282,9,1292,2,2556,9,3848,California
Trinity,2021-04-18,1,6131,1,624,0,5225,0,282,0,1291,1,2557,0,3848,California
Trinity,2021-04-19,5,6136,2,626,3,5228,0,282,4,1294,1,2558,4,3852,California
Trinity,2021-04-20,92,6228,8,634,84,5312,0,282,20,1242,72,2630,20,3872,California
Trinity,2021-04-21,22,6250,9,643,13,5325,0,282,9,1238,13,2643,9,3881,California
Trinity,2021-04-22,91,6341,5,648,86,5411,0,282,14,1175,77,2720,14,3895,California
Trinity,2021-04-23,178,6519,6,654,172,5583,0,282,109,1215,69,2789,109,4004,California
Trinity,2021-04-24,20,6539,14,668,6,5589,0,282,5,1205,15,2804,5,4009,California
Trinity,2021-04-25,10,6549,9,677,1,5590,0,282,3,1202,6,2810,3,4012,California
Trinity,2021-04-26,45,6594,6,683,39,5629,0,282,40,1237,5,2815,40,4052,California
Trinity,2021-04-27,85,6679,7,690,78,5707,0,282,22,1196,63,2878,22,4074,California
Trinity,2021-04-28,27,6706,10,700,17,5724,0,282,8,1185,19,2897,8,4082,California
Trinity,2021-04-29,30,6736,13,713,16,5740,1,283,9,1174,21,2918,10,4092,California
Trinity,2021-04-30,11,6747,6,719,5,5745,0,283,2,1167,9,2927,2,4094,California
Tulare,2020-12-15,1,1,1,1,0,0,0,0,1,1,0,0,1,1,California
Tulare,2020-12-16,3,4,3,4,0,0,0,0,3,4,0,0,3,4,California
Tulare,2020-12-17,110,114,110,114,0,0,0,0,110,114,0,0,110,114,California
Tulare,2020-12-18,289,403,289,403,0,0,0,0,289,403,0,0,289,403,California
Tulare,2020-12-19,328,731,328,731,0,0,0,0,328,731,0,0,328,731,California
Tulare,2020-12-20,166,897,165,896,1,1,0,0,166,897,0,0,166,897,California
Tulare,2020-12-21,423,1320,423,1319,0,1,0,0,443,1340,0,0,443,1340,California
Tulare,2020-12-22,469,1789,467,1786,2,3,0,0,468,1808,0,0,468,1808,California
Tulare,2020-12-23,328,2117,320,2106,8,11,0,0,326,2134,0,0,326,2134,California
Tulare,2020-12-24,18,2135,16,2122,2,13,0,0,18,2152,0,0,18,2152,California
Tulare,2020-12-26,8,2143,7,2129,1,14,0,0,8,2160,0,0,8,2160,California
Tulare,2020-12-27,16,2159,12,2141,4,18,0,0,16,2176,0,0,16,2176,California
Tulare,2020-12-28,481,2640,469,2610,12,30,0,0,480,2656,0,0,480,2656,California
Tulare,2020-12-29,546,3186,478,3088,68,98,0,0,546,3202,0,0,546,3202,California
Tulare,2020-12-30,474,3660,435,3523,39,137,0,0,474,3676,0,0,474,3676,California
Tulare,2020-12-31,94,3754,22,3545,72,209,0,0,94,3770,0,0,94,3770,California
Tulare,2021-01-01,2,3756,1,3546,1,210,0,0,2,3772,0,0,2,3772,California
Tulare,2021-01-02,29,3785,17,3563,12,222,0,0,29,3801,0,0,29,3801,California
Tulare,2021-01-03,23,3808,9,3572,14,236,0,0,23,3824,0,0,23,3824,California
Tulare,2021-01-04,92,3900,16,3588,76,312,0,0,92,3916,0,0,92,3916,California
Tulare,2021-01-05,460,4360,278,3866,182,494,0,0,458,4372,2,2,458,4374,California
Tulare,2021-01-06,864,5224,635,4501,229,723,0,0,854,5216,10,12,854,5228,California
Tulare,2021-01-07,781,6005,583,5084,198,921,0,0,674,5783,107,119,674,5902,California
Tulare,2021-01-08,1267,7272,575,5659,692,1613,0,0,929,6375,337,456,929,6831,California
Tulare,2021-01-09,742,8014,204,5863,538,2151,0,0,554,6741,188,644,554,7385,California
Tulare,2021-01-10,50,8064,44,5907,6,2157,0,0,11,6713,39,683,11,7396,California
Tulare,2021-01-11,1270,9334,769,6676,501,2658,0,0,834,7111,436,1119,834,8230,California
Tulare,2021-01-12,1404,10738,488,7164,916,3574,0,0,997,7703,406,1525,998,9228,California
Tulare,2021-01-13,457,11195,228,7392,229,3803,0,0,382,8010,75,1600,382,9610,California
Tulare,2021-01-14,491,11686,140,7532,351,4154,0,0,465,8460,15,1615,465,10075,California
Tulare,2021-01-15,1620,13306,152,7684,1468,5622,0,0,1611,10062,9,1624,1611,11686,California
Tulare,2021-01-16,1899,15205,114,7798,1785,7407,0,0,1885,11933,14,1638,1885,13571,California
Tulare,2021-01-17,141,15346,122,7920,19,7426,0,0,131,12054,10,1648,131,13702,California
Tulare,2021-01-18,693,16039,660,8580,33,7459,0,0,295,11951,398,2046,295,13997,California
Tulare,2021-01-19,1006,17045,683,9263,323,7782,0,0,578,12101,428,2474,578,14575,California
Tulare,2021-01-20,2378,19423,564,9827,1814,9596,0,0,1992,13707,386,2860,1992,16567,California
Tulare,2021-01-21,1511,20934,150,9977,1361,10957,0,0,1485,15171,21,2881,1485,18052,California
Tulare,2021-01-22,1054,21988,185,10162,869,11826,0,0,1030,16178,23,2904,1030,19082,California
Tulare,2021-01-23,438,22426,156,10318,282,12108,0,0,417,16574,21,2925,417,19499,California
Tulare,2021-01-24,30,22456,27,10345,3,12111,0,0,28,16600,2,2927,28,19527,California
Tulare,2021-01-25,1325,23781,979,11324,346,12457,0,0,1296,17867,29,2956,1296,20823,California
Tulare,2021-01-26,1498,25279,1099,12423,399,12856,0,0,1173,18716,324,3280,1173,21996,California
Tulare,2021-01-27,1468,26747,1069,13492,399,13255,0,0,891,19031,576,3856,891,22887,California
Tulare,2021-01-28,1203,27950,769,14261,434,13689,0,0,808,19444,395,4251,808,23695,California
Tulare,2021-01-29,1129,29079,719,14980,410,14099,0,0,819,19953,310,4561,819,24514,California
Tulare,2021-01-30,1674,30753,1580,16560,94,14193,0,0,1650,21580,24,4585,1651,26165,California
Tulare,2021-01-31,51,30804,47,16607,4,14197,0,0,48,21625,3,4588,48,26213,California
Tulare,2021-02-01,1185,31989,916,17523,269,14466,0,0,831,22103,353,4941,831,27044,California
Tulare,2021-02-02,676,32665,328,17851,348,14814,0,0,445,22320,229,5170,446,27490,California
Tulare,2021-02-03,613,33278,287,18138,326,15140,0,0,336,22381,275,5445,336,27826,California
Tulare,2021-02-04,551,33829,164,18302,387,15527,0,0,265,22362,285,5730,266,28092,California
Tulare,2021-02-05,1233,35062,236,18538,997,16524,0,0,416,21963,815,6545,416,28508,California
Tulare,2021-02-06,836,35898,158,18696,678,17202,0,0,268,21665,566,7111,268,28776,California
Tulare,2021-02-07,78,35976,66,18762,12,17214,0,0,23,21633,55,7166,23,28799,California
Tulare,2021-02-08,942,36918,328,19090,614,17828,0,0,245,21184,694,7860,245,29044,California
Tulare,2021-02-09,1407,38325,327,19417,1080,18908,0,0,361,20504,1041,8901,361,29405,California
Tulare,2021-02-10,2467,40792,1984,21401,483,19391,0,0,2067,22174,397,9298,2067,31472,California
Tulare,2021-02-11,1322,42114,376,21777,946,20337,0,0,938,22728,384,9682,938,32410,California
Tulare,2021-02-12,2775,44889,575,22352,2200,22537,0,0,1212,22384,1556,11238,1212,33622,California
Tulare,2021-02-13,2480,47369,157,22509,2323,24860,0,0,667,21241,1810,13048,667,34289,California
Tulare,2021-02-14,333,47702,36,22545,297,25157,0,0,300,21508,33,13081,300,34589,California
Tulare,2021-02-15,915,48617,291,22836,624,25781,0,0,658,21910,256,13337,658,35247,California
Tulare,2021-02-16,2832,51449,1596,24432,1236,27017,0,0,1077,21233,1754,15091,1077,36324,California
Tulare,2021-02-17,2698,54147,509,24941,2189,29206,0,0,461,19462,2232,17323,461,36785,California
Tulare,2021-02-18,2301,56448,456,25397,1845,31051,0,0,634,18437,1659,18982,634,37419,California
Tulare,2021-02-19,2296,58744,856,26253,1440,32491,0,0,943,18029,1351,20333,943,38362,California
Tulare,2021-02-20,2989,61733,1891,28144,1098,33589,0,0,1267,17579,1717,22050,1267,39629,California
Tulare,2021-02-21,94,61827,90,28234,4,33593,0,0,59,17603,35,22085,59,39688,California
Tulare,2021-02-22,1106,62933,701,28935,405,33998,0,0,212,16922,893,22978,212,39900,California
Tulare,2021-02-23,1946,64879,939,29874,1007,35005,0,0,1458,17893,487,23465,1458,41358,California
Tulare,2021-02-24,2475,67354,1551,31425,924,35929,0,0,2097,19614,377,23842,2098,43456,California
Tulare,2021-02-25,3486,70840,1951,33376,1535,37464,0,0,3071,22274,411,24253,3071,46527,California
Tulare,2021-02-26,3838,74678,1880,35256,1958,39422,0,0,3375,25188,461,24714,3375,49902,California
Tulare,2021-02-27,2901,77579,1393,36649,1508,40930,0,0,2769,27836,121,24835,2769,52671,California
Tulare,2021-02-28,1304,78883,1033,37682,271,41201,0,0,1285,29104,17,24852,1285,53956,California
Tulare,2021-03-01,1739,80622,773,38455,966,42167,0,0,1554,30475,183,25035,1554,55510,California
Tulare,2021-03-02,2683,83305,1194,39649,1489,43656,0,0,2516,32827,165,25200,2517,58027,California
Tulare,2021-03-03,3916,87221,2596,42245,1320,44976,0,0,1965,32846,1948,27148,1967,59994,California
Tulare,2021-03-04,2879,90100,1300,43545,1579,46555,0,0,2561,35092,315,27463,2561,62555,California
Tulare,2021-03-05,3283,93383,1692,45237,1576,48131,15,15,2776,37382,503,27966,2793,65348,California
Tulare,2021-03-06,3057,96440,1432,46669,1566,49697,59,74,2809,40003,245,28211,2866,68214,California
Tulare,2021-03-07,1093,97533,683,47352,389,50086,21,95,1053,41037,40,28251,1074,69288,California
Tulare,2021-03-08,1687,99220,1000,48352,519,50605,168,263,1372,42265,311,28562,1539,70827,California
Tulare,2021-03-09,3180,102400,2182,50534,851,51456,147,410,2783,44796,397,28959,2928,73755,California
Tulare,2021-03-10,2786,105186,1383,51917,1228,52684,175,585,2406,47003,372,29331,2579,76334,California
Tulare,2021-03-11,4135,109321,1962,53879,1873,54557,300,885,3201,49570,934,30265,3501,79835,California
Tulare,2021-03-12,4335,113656,2378,56257,1609,56166,348,1233,3066,51725,1261,31526,3416,83251,California
Tulare,2021-03-13,4005,117661,1848,58105,2052,58218,105,1338,3068,53967,931,32457,3173,86424,California
Tulare,2021-03-14,1800,119461,973,59078,608,58826,219,1557,1272,54930,527,32984,1490,87914,California
Tulare,2021-03-15,2726,122187,1608,60686,1003,59829,115,1672,1954,56230,770,33754,2070,89984,California
Tulare,2021-03-16,3420,125607,2114,62800,1229,61058,77,1749,1872,56637,1545,35299,1952,91936,California
Tulare,2021-03-17,4011,129618,2607,65407,1327,62385,77,1826,2269,57254,1736,37035,2353,94289,California
Tulare,2021-03-18,4599,134217,3353,68760,1174,63559,72,1898,2442,57618,2152,39187,2516,96805,California
Tulare,2021-03-19,5056,139273,3313,72073,1548,65107,195,2093,2710,58197,2328,41515,2907,99712,California
Tulare,2021-03-20,4448,143721,2758,74831,1318,66425,372,2465,2111,58353,2330,43845,2486,102198,California
Tulare,2021-03-21,1918,145639,1630,76461,262,66687,26,2491,988,58439,927,44772,1013,103211,California
Tulare,2021-03-22,2497,148136,1709,78170,676,67363,112,2603,1666,59394,825,45597,1780,104991,California
Tulare,2021-03-23,3722,151858,2137,80307,1533,68896,52,2655,2080,59900,1632,47229,2138,107129,California
Tulare,2021-03-24,3163,155021,1956,82263,1165,70061,42,2697,1810,60406,1346,48575,1852,108981,California
Tulare,2021-03-25,3439,158460,1783,84046,1484,71545,172,2869,1694,60535,1739,50314,1868,110849,California
Tulare,2021-03-26,5207,163667,3108,87154,1990,73535,109,2978,2571,60597,2618,52932,2680,113529,California
Tulare,2021-03-27,3481,167148,1785,88939,1598,75133,98,3076,965,59149,2509,55441,1061,114590,California
Tulare,2021-03-28,1456,168604,1051,89990,374,75507,31,3107,676,59084,778,56219,713,115303,California
Tulare,2021-03-29,2893,171497,1673,91663,1109,76616,111,3218,1224,58757,1664,57883,1337,116640,California
Tulare,2021-03-30,4770,176267,2761,94424,1779,78395,230,3448,1538,57298,3224,61107,1765,118405,California
Tulare,2021-03-31,3751,180018,2197,96621,1442,79837,112,3560,1513,56695,2230,63337,1627,120032,California
Tulare,2021-04-01,4346,184364,2357,98978,1924,81761,65,3625,1524,55472,2813,66150,1590,121622,California
Tulare,2021-04-02,5216,189580,2979,101957,2120,83881,117,3742,1659,53709,3540,69690,1777,123399,California
Tulare,2021-04-03,3479,193059,2001,103958,1123,85004,355,4097,844,52310,2598,72288,1199,124598,California
Tulare,2021-04-04,1615,194674,1130,105088,478,85482,7,4104,390,51484,1223,73511,397,124995,California
Tulare,2021-04-05,3300,197974,2321,107409,716,86198,263,4367,858,50174,2432,75943,1122,126117,California
Tulare,2021-04-06,3382,201356,1463,108872,1428,87626,491,4858,927,49145,2451,78394,1422,127539,California
Tulare,2021-04-07,3749,205105,1816,110688,1515,89141,418,5276,1239,48290,2503,80897,1648,129187,California
Tulare,2021-04-08,4676,209781,2590,113278,1632,90773,454,5730,1508,47089,3160,84057,1959,131146,California
Tulare,2021-04-09,4744,214525,2938,116216,1393,92166,413,6143,1820,46406,2917,86974,2234,133380,California
Tulare,2021-04-10,3796,218321,2047,118263,1433,93599,316,6459,968,44867,2821,89795,1282,134662,California
Tulare,2021-04-11,1573,219894,1034,119297,467,94066,72,6531,589,44547,981,90776,661,135323,California
Tulare,2021-04-12,3357,223251,2103,121400,660,94726,594,7125,1081,43955,2268,93044,1676,136999,California
Tulare,2021-04-13,2391,225642,1578,122978,803,95529,10,7135,910,43404,1473,94517,922,137921,California
Tulare,2021-04-14,2807,228449,1662,124640,1145,96674,0,7135,907,42413,1898,96415,907,138828,California
Tulare,2021-04-15,3174,231623,2066,126706,1108,97782,0,7135,1415,42078,1750,98165,1415,140243,California
Tulare,2021-04-16,3611,235234,2208,128914,1403,99185,0,7135,1456,41387,2147,100312,1456,141699,California
Tulare,2021-04-17,2165,237399,1270,130184,895,100080,0,7135,1174,41573,989,101301,1175,142874,California
Tulare,2021-04-18,1508,238907,1180,131364,328,100408,0,7135,808,41682,699,102000,808,143682,California
Tulare,2021-04-19,2104,241011,1211,132575,891,101299,2,7137,894,41369,1209,103209,896,144578,California
Tulare,2021-04-20,2301,243312,1286,133861,1015,102314,0,7137,980,41040,1309,104518,980,145558,California
Tulare,2021-04-21,2160,245472,1307,135168,853,103167,0,7137,822,40559,1303,105821,822,146380,California
Tulare,2021-04-22,2090,247562,1168,136336,922,104089,0,7137,736,39960,1335,107156,736,147116,California
Tulare,2021-04-23,2514,250076,1548,137884,965,105054,1,7138,978,39411,1527,108683,978,148094,California
Tulare,2021-04-24,1634,251710,1055,138939,577,105631,2,7140,864,39512,765,109448,866,148960,California
Tulare,2021-04-25,696,252406,522,139461,174,105805,0,7140,267,39350,429,109877,267,149227,California
Tulare,2021-04-26,1425,253831,838,140299,568,106373,19,7159,594,39136,825,110702,611,149838,California
Tulare,2021-04-27,1415,255246,596,140895,782,107155,37,7196,644,39048,768,111470,680,150518,California
Tulare,2021-04-28,1475,256721,819,141714,622,107777,34,7230,597,38803,875,112345,630,151148,California
Tulare,2021-04-29,1448,258169,894,142608,520,108297,34,7264,534,38459,910,113255,566,151714,California
Tulare,2021-04-30,1733,259902,1345,143953,366,108663,22,7286,583,37917,1147,114402,605,152319,California
Tuolumne,2020-12-16,47,47,47,47,0,0,0,0,47,47,0,0,47,47,California
Tuolumne,2020-12-17,17,64,17,64,0,0,0,0,17,64,0,0,17,64,California
Tuolumne,2020-12-18,101,165,100,164,1,1,0,0,101,165,0,0,101,165,California
Tuolumne,2020-12-19,5,170,5,169,0,1,0,0,5,170,0,0,5,170,California
Tuolumne,2020-12-20,1,171,1,170,0,1,0,0,1,171,0,0,1,171,California
Tuolumne,2020-12-21,116,287,102,272,14,15,0,0,116,287,0,0,116,287,California
Tuolumne,2020-12-22,172,459,172,444,0,15,0,0,172,459,0,0,172,459,California
Tuolumne,2020-12-23,186,645,184,628,2,17,0,0,186,645,0,0,186,645,California
Tuolumne,2020-12-26,3,648,3,631,0,17,0,0,3,648,0,0,3,648,California
Tuolumne,2020-12-28,77,725,75,706,2,19,0,0,77,725,0,0,77,725,California
Tuolumne,2020-12-29,102,827,39,745,63,82,0,0,102,827,0,0,102,827,California
Tuolumne,2020-12-30,78,905,22,767,56,138,0,0,78,905,0,0,78,905,California
Tuolumne,2020-12-31,27,932,20,787,7,145,0,0,27,932,0,0,27,932,California
Tuolumne,2021-01-01,6,938,5,792,1,146,0,0,6,938,0,0,6,938,California
Tuolumne,2021-01-02,118,1056,115,907,3,149,0,0,118,1056,0,0,118,1056,California
Tuolumne,2021-01-03,2,1058,2,909,0,149,0,0,2,1058,0,0,2,1058,California
Tuolumne,2021-01-04,69,1127,26,935,43,192,0,0,69,1127,0,0,69,1127,California
Tuolumne,2021-01-05,92,1219,26,961,66,258,0,0,89,1214,3,3,90,1217,California
Tuolumne,2021-01-06,131,1350,71,1032,60,318,0,0,68,1219,63,66,68,1285,California
Tuolumne,2021-01-07,119,1469,62,1094,57,375,0,0,64,1228,55,121,64,1349,California
Tuolumne,2021-01-08,103,1572,79,1173,24,399,0,0,26,1179,76,197,27,1376,California
Tuolumne,2021-01-09,1,1573,0,1173,1,400,0,0,1,1180,0,197,1,1377,California
Tuolumne,2021-01-10,3,1576,1,1174,2,402,0,0,3,1183,0,197,3,1380,California
Tuolumne,2021-01-11,114,1690,88,1262,26,428,0,0,33,1135,81,278,33,1413,California
Tuolumne,2021-01-12,102,1792,86,1348,16,444,0,0,17,1067,85,363,17,1430,California
Tuolumne,2021-01-13,231,2023,125,1473,106,550,0,0,182,1201,49,412,183,1613,California
Tuolumne,2021-01-14,147,2170,107,1580,40,590,0,0,42,1139,104,516,42,1655,California
Tuolumne,2021-01-15,474,2644,72,1652,402,992,0,0,412,1491,61,577,413,2068,California
Tuolumne,2021-01-16,7,2651,3,1655,4,996,0,0,6,1496,1,578,6,2074,California
Tuolumne,2021-01-17,7,2658,4,1659,3,999,0,0,6,1502,0,578,6,2080,California
Tuolumne,2021-01-18,46,2704,38,1697,8,1007,0,0,9,1475,36,614,9,2089,California
Tuolumne,2021-01-19,473,3177,72,1769,401,1408,0,0,428,1858,45,659,428,2517,California
Tuolumne,2021-01-20,76,3253,58,1827,18,1426,0,0,24,1831,51,710,24,2541,California
Tuolumne,2021-01-21,55,3308,22,1849,33,1459,0,0,40,1856,15,725,40,2581,California
Tuolumne,2021-01-22,168,3476,16,1865,152,1611,0,0,161,2010,7,732,161,2742,California
Tuolumne,2021-01-23,665,4141,147,2012,518,2129,0,0,552,2459,113,845,562,3304,California
Tuolumne,2021-01-24,523,4664,1,2013,522,2651,0,0,519,2976,3,848,520,3824,California
Tuolumne,2021-01-25,49,4713,28,2041,21,2672,0,0,22,2972,27,875,23,3847,California
Tuolumne,2021-01-26,80,4793,68,2109,12,2684,0,0,40,2973,40,915,41,3888,California
Tuolumne,2021-01-27,60,4853,4,2113,56,2740,0,0,7,2928,52,967,7,3895,California
Tuolumne,2021-01-28,27,4880,7,2120,20,2760,0,0,18,2937,9,976,18,3913,California
Tuolumne,2021-01-29,74,4954,6,2126,68,2828,0,0,35,2933,39,1015,35,3948,California
Tuolumne,2021-01-30,709,5663,552,2678,157,2985,0,0,687,3614,22,1037,703,4651,California
Tuolumne,2021-01-31,8,5671,2,2680,6,2991,0,0,5,3616,3,1040,5,4656,California
Tuolumne,2021-02-01,25,5696,6,2686,19,3010,0,0,22,3635,3,1043,22,4678,California
Tuolumne,2021-02-02,645,6341,36,2722,609,3619,0,0,634,4260,9,1052,634,5312,California
Tuolumne,2021-02-03,238,6579,109,2831,129,3748,0,0,86,4194,152,1204,86,5398,California
Tuolumne,2021-02-04,123,6702,12,2843,111,3859,0,0,60,4191,63,1267,60,5458,California
Tuolumne,2021-02-05,98,6800,12,2855,86,3945,0,0,35,4164,62,1329,35,5493,California
Tuolumne,2021-02-06,852,7652,580,3435,272,4217,0,0,849,5010,3,1332,849,6342,California
Tuolumne,2021-02-07,7,7659,4,3439,3,4220,0,0,3,5009,4,1336,3,6345,California
Tuolumne,2021-02-08,91,7750,40,3479,51,4271,0,0,67,5052,24,1360,67,6412,California
Tuolumne,2021-02-09,864,8614,53,3532,811,5082,0,0,825,5838,39,1399,825,7237,California
Tuolumne,2021-02-10,88,8702,14,3546,74,5156,0,0,27,5805,60,1459,27,7264,California
Tuolumne,2021-02-11,141,8843,66,3612,75,5231,0,0,75,5814,66,1525,75,7339,California
Tuolumne,2021-02-12,643,9486,19,3631,624,5855,0,0,204,5580,438,1963,204,7543,California
Tuolumne,2021-02-13,148,9634,42,3673,106,5961,0,0,117,5672,25,1988,117,7660,California
Tuolumne,2021-02-14,148,9782,12,3685,136,6097,0,0,147,5818,1,1989,147,7807,California
Tuolumne,2021-02-15,185,9967,10,3695,175,6272,0,0,176,5985,9,1998,176,7983,California
Tuolumne,2021-02-16,526,10493,17,3712,509,6781,0,0,123,5709,401,2399,125,8108,California
Tuolumne,2021-02-17,110,10603,63,3775,47,6828,0,0,63,5726,46,2445,63,8171,California
Tuolumne,2021-02-18,676,11279,26,3801,650,7478,0,0,626,6303,50,2495,627,8798,California
Tuolumne,2021-02-19,142,11421,23,3824,119,7597,0,0,43,6247,99,2594,43,8841,California
Tuolumne,2021-02-20,904,12325,341,4165,563,8160,0,0,386,6128,506,3100,387,9228,California
Tuolumne,2021-02-21,975,13300,36,4201,939,9099,0,0,471,6098,501,3601,471,9699,California
Tuolumne,2021-02-22,78,13378,57,4258,21,9120,0,0,47,6115,30,3631,47,9746,California
Tuolumne,2021-02-23,47,13425,23,4281,24,9144,0,0,25,6119,21,3652,25,9771,California
Tuolumne,2021-02-24,103,13528,58,4339,45,9189,0,0,43,6103,59,3711,43,9814,California
Tuolumne,2021-02-25,1054,14582,35,4374,1019,10208,0,0,1024,7097,30,3741,1024,10838,California
Tuolumne,2021-02-26,144,14726,10,4384,134,10342,0,0,121,7195,23,3764,121,10959,California
Tuolumne,2021-02-27,947,15673,576,4960,371,10713,0,0,246,6757,685,4449,247,11206,California
Tuolumne,2021-02-28,55,15728,4,4964,51,10764,0,0,52,6807,2,4451,52,11258,California
Tuolumne,2021-03-01,112,15840,21,4985,91,10855,0,0,77,6852,33,4484,78,11336,California
Tuolumne,2021-03-02,704,16544,72,5057,632,11487,0,0,105,6359,598,5082,105,11441,California
Tuolumne,2021-03-03,89,16633,21,5078,68,11555,0,0,65,6400,24,5106,65,11506,California
Tuolumne,2021-03-04,1168,17801,72,5150,1096,12651,0,0,1106,7444,62,5168,1106,12612,California
Tuolumne,2021-03-05,84,17885,10,5160,74,12725,0,0,47,7456,36,5204,48,12660,California
Tuolumne,2021-03-06,1050,18935,603,5763,445,13170,2,2,203,6815,846,6050,205,12865,California
Tuolumne,2021-03-07,41,18976,12,5775,14,13184,15,17,18,6825,23,6073,33,12898,California
Tuolumne,2021-03-08,195,19171,88,5863,100,13284,7,24,139,6915,56,6129,146,13044,California
Tuolumne,2021-03-09,855,20026,16,5879,828,14112,11,35,67,6209,785,6914,79,13123,California
Tuolumne,2021-03-10,77,20103,12,5891,54,14166,11,46,53,6249,24,6938,64,13187,California
Tuolumne,2021-03-11,1280,21383,36,5927,1238,15404,6,52,1255,7487,25,6963,1263,14450,California
Tuolumne,2021-03-12,298,21681,33,5960,250,15654,15,67,192,7592,105,7068,210,14660,California
Tuolumne,2021-03-13,111,21792,11,5971,100,15754,0,67,87,7657,23,7091,88,14748,California
Tuolumne,2021-03-14,142,21934,8,5979,125,15879,9,76,8,7545,134,7225,22,14770,California
Tuolumne,2021-03-15,293,22227,79,6058,212,16091,2,78,100,7462,192,7417,109,14879,California
Tuolumne,2021-03-16,803,23030,37,6095,755,16846,11,89,666,8002,137,7554,677,15556,California
Tuolumne,2021-03-17,150,23180,30,6125,107,16953,13,102,77,8020,71,7625,89,15645,California
Tuolumne,2021-03-18,947,24127,28,6153,906,17859,13,115,318,7724,628,8253,332,15977,California
Tuolumne,2021-03-19,130,24257,16,6169,83,17942,31,146,69,7764,59,8312,99,16076,California
Tuolumne,2021-03-20,89,24346,6,6175,73,18015,10,156,37,7759,51,8363,46,16122,California
Tuolumne,2021-03-21,833,25179,390,6565,434,18449,9,165,40,7017,791,9154,49,16171,California
Tuolumne,2021-03-22,163,25342,72,6637,72,18521,19,184,97,7067,66,9220,116,16287,California
Tuolumne,2021-03-23,709,26051,639,7276,56,18577,14,198,673,7717,36,9256,686,16973,California
Tuolumne,2021-03-24,107,26158,19,7295,70,18647,18,216,75,7779,31,9287,93,17066,California
Tuolumne,2021-03-25,1294,27452,23,7318,1268,19915,3,219,323,7135,970,10257,326,17392,California
Tuolumne,2021-03-26,268,27720,16,7334,229,20144,23,242,111,7122,147,10404,134,17526,California
Tuolumne,2021-03-27,575,28295,54,7388,521,20665,0,242,315,7179,259,10663,316,17842,California
Tuolumne,2021-03-28,49,28344,8,7396,41,20706,0,242,9,7150,39,10702,10,17852,California
Tuolumne,2021-03-29,200,28544,80,7476,120,20826,0,242,103,7159,94,10796,103,17955,California
Tuolumne,2021-03-30,159,28703,11,7487,147,20973,1,243,117,7236,41,10837,118,18073,California
Tuolumne,2021-03-31,91,28794,14,7501,75,21048,2,245,34,7218,56,10893,38,18111,California
Tuolumne,2021-04-01,1243,30037,29,7530,1214,22262,0,245,221,6420,1020,11913,222,18333,California
Tuolumne,2021-04-02,160,30197,10,7540,124,22386,26,271,88,6463,71,11984,114,18447,California
Tuolumne,2021-04-03,417,30614,34,7574,382,22768,1,272,233,6515,184,12168,236,18683,California
Tuolumne,2021-04-04,33,30647,2,7576,31,22799,0,272,21,6526,10,12178,21,18704,California
Tuolumne,2021-04-05,126,30773,19,7595,101,22900,6,278,55,6516,71,12249,61,18765,California
Tuolumne,2021-04-06,637,31410,509,8104,101,23001,27,305,506,6919,131,12380,534,19299,California
Tuolumne,2021-04-07,124,31534,36,8140,72,23073,16,321,46,6903,78,12458,62,19361,California
Tuolumne,2021-04-08,1431,32965,32,8172,1385,24458,14,335,239,5966,1190,13648,253,19614,California
Tuolumne,2021-04-09,267,33232,41,8213,182,24640,44,379,126,5999,139,13787,172,19786,California
Tuolumne,2021-04-10,56,33288,2,8215,34,24674,20,399,23,6010,32,13819,43,19829,California
Tuolumne,2021-04-11,17,33305,2,8217,12,24686,3,402,12,6020,5,13824,15,19844,California
Tuolumne,2021-04-12,161,33466,67,8284,89,24775,5,407,87,6044,68,13892,92,19936,California
Tuolumne,2021-04-13,784,34250,36,8320,748,25523,0,407,169,5605,608,14500,169,20105,California
Tuolumne,2021-04-14,137,34387,26,8346,111,25634,0,407,66,5604,68,14568,67,20172,California
Tuolumne,2021-04-15,331,34718,19,8365,312,25946,0,407,55,5388,271,14839,55,20227,California
Tuolumne,2021-04-16,237,34955,50,8415,187,26133,0,407,133,5423,98,14937,133,20360,California
Tuolumne,2021-04-17,43,34998,6,8421,37,26170,0,407,27,5434,16,14953,27,20387,California
Tuolumne,2021-04-18,7,35005,2,8423,5,26175,0,407,3,5433,4,14957,3,20390,California
Tuolumne,2021-04-19,166,35171,76,8499,90,26265,0,407,91,5452,72,15029,91,20481,California
Tuolumne,2021-04-20,711,35882,617,9116,94,26359,0,407,77,4901,628,15657,77,20558,California
Tuolumne,2021-04-21,112,35994,26,9142,86,26445,0,407,60,4914,47,15704,60,20618,California
Tuolumne,2021-04-22,693,36687,46,9188,647,27092,0,407,422,5075,261,15965,422,21040,California
Tuolumne,2021-04-23,159,36846,31,9219,128,27220,0,407,85,5088,72,16037,85,21125,California
Tuolumne,2021-04-24,76,36922,17,9236,59,27279,0,407,49,5110,27,16064,49,21174,California
Tuolumne,2021-04-25,25,36947,8,9244,17,27296,0,407,22,5129,3,16067,22,21196,California
Tuolumne,2021-04-26,148,37095,55,9299,93,27389,0,407,68,5119,79,16146,69,21265,California
Tuolumne,2021-04-27,124,37219,20,9319,97,27486,7,414,58,5120,64,16210,65,21330,California
Tuolumne,2021-04-28,92,37311,18,9337,64,27550,10,424,47,5133,44,16254,57,21387,California
Tuolumne,2021-04-29,203,37514,11,9348,183,27733,9,433,37,5013,166,16420,46,21433,California
Tuolumne,2021-04-30,289,37803,14,9362,270,28003,5,438,46,4822,242,16662,51,21484,California
Ventura,2020-12-15,5,5,5,5,0,0,0,0,5,5,0,0,5,5,California
Ventura,2020-12-16,72,77,72,77,0,0,0,0,72,77,0,0,72,77,California
Ventura,2020-12-17,249,326,249,326,0,0,0,0,249,326,0,0,249,326,California
Ventura,2020-12-18,1411,1737,1411,1737,0,0,0,0,1411,1737,0,0,1411,1737,California
Ventura,2020-12-19,910,2647,910,2647,0,0,0,0,910,2647,0,0,910,2647,California
Ventura,2020-12-20,429,3076,429,3076,0,0,0,0,429,3076,0,0,429,3076,California
Ventura,2020-12-21,1469,4545,1469,4545,0,0,0,0,1469,4545,0,0,1469,4545,California
Ventura,2020-12-22,1104,5649,1099,5644,5,5,0,0,1104,5649,0,0,1104,5649,California
Ventura,2020-12-23,1027,6676,980,6624,47,52,0,0,1027,6676,0,0,1027,6676,California
Ventura,2020-12-24,477,7153,379,7003,98,150,0,0,477,7153,0,0,477,7153,California
Ventura,2020-12-25,11,7164,7,7010,4,154,0,0,11,7164,0,0,11,7164,California
Ventura,2020-12-26,112,7276,91,7101,21,175,0,0,112,7276,0,0,112,7276,California
Ventura,2020-12-27,58,7334,27,7128,31,206,0,0,58,7334,0,0,58,7334,California
Ventura,2020-12-28,1071,8405,931,8059,140,346,0,0,1071,8405,0,0,1071,8405,California
Ventura,2020-12-29,1169,9574,764,8823,405,751,0,0,1169,9574,0,0,1169,9574,California
Ventura,2020-12-30,1983,11557,1518,10341,465,1216,0,0,1983,11557,0,0,1983,11557,California
Ventura,2020-12-31,480,12037,162,10503,318,1534,0,0,480,12037,0,0,480,12037,California
Ventura,2021-01-01,24,12061,6,10509,18,1552,0,0,24,12061,0,0,24,12061,California
Ventura,2021-01-02,173,12234,79,10588,94,1646,0,0,173,12234,0,0,173,12234,California
Ventura,2021-01-03,15,12249,8,10596,7,1653,0,0,15,12249,0,0,15,12249,California
Ventura,2021-01-04,1082,13331,551,11147,531,2184,0,0,1081,13330,0,0,1081,13330,California
Ventura,2021-01-05,1373,14704,777,11924,596,2780,0,0,1332,14621,41,41,1332,14662,California
Ventura,2021-01-06,2057,16761,1179,13103,878,3658,0,0,1626,15827,422,463,1628,16290,California
Ventura,2021-01-07,2068,18829,1326,14429,742,4400,0,0,1182,16125,884,1347,1182,17472,California
Ventura,2021-01-08,2198,21027,1475,15904,723,5123,0,0,906,15742,1290,2637,907,18379,California
Ventura,2021-01-09,721,21748,500,16404,221,5344,0,0,319,15659,402,3039,319,18698,California
Ventura,2021-01-10,340,22088,326,16730,14,5358,0,0,126,15571,214,3253,126,18824,California
Ventura,2021-01-11,2447,24535,1489,18219,958,6316,0,0,1494,16115,953,4206,1497,20321,California
Ventura,2021-01-12,3041,27576,1611,19830,1430,7746,0,0,2016,17106,1025,5231,2016,22337,California
Ventura,2021-01-13,2922,30498,1423,21253,1499,9245,0,0,2039,18266,880,6111,2040,24377,California
Ventura,2021-01-14,2730,33228,1060,22313,1670,10915,0,0,2284,20106,445,6556,2285,26662,California
Ventura,2021-01-15,2886,36114,971,23284,1915,12830,0,0,2673,22567,213,6769,2674,29336,California
Ventura,2021-01-16,484,36598,187,23471,297,13127,0,0,404,22891,80,6849,404,29740,California
Ventura,2021-01-17,259,36857,137,23608,122,13249,0,0,253,23138,6,6855,253,29993,California
Ventura,2021-01-18,2218,39075,1672,25280,546,13795,0,0,1667,24256,550,7405,1668,31661,California
Ventura,2021-01-19,3040,42115,2119,27399,921,14716,0,0,2146,25511,894,8299,2149,33810,California
Ventura,2021-01-20,4067,46182,3116,30515,951,15667,0,0,3030,27508,1034,9333,3031,36841,California
Ventura,2021-01-21,3835,50017,2671,33186,1164,16831,0,0,3163,30004,669,10002,3165,40006,California
Ventura,2021-01-22,3614,53631,2493,35679,1121,17952,0,0,3453,33296,161,10163,3453,43459,California
Ventura,2021-01-23,1184,54815,649,36328,535,18487,0,0,1083,34281,100,10263,1085,44544,California
Ventura,2021-01-24,451,55266,137,36465,314,18801,0,0,438,34706,13,10276,438,44982,California
Ventura,2021-01-25,3152,58418,2031,38496,1121,19922,0,0,2598,36752,553,10829,2599,47581,California
Ventura,2021-01-26,3707,62125,2202,40698,1505,21427,0,0,2710,38467,996,11825,2711,50292,California
Ventura,2021-01-27,3459,65584,1558,42256,1901,23328,0,0,2717,40446,738,12563,2717,53009,California
Ventura,2021-01-28,3874,69458,1993,44249,1881,25209,0,0,3260,43110,597,13160,3261,56270,California
Ventura,2021-01-29,4270,73728,2524,46773,1746,26955,0,0,3767,46387,490,13650,3767,60037,California
Ventura,2021-01-30,3035,76763,1964,48737,1071,28026,0,0,2865,49087,166,13816,2866,62903,California
Ventura,2021-01-31,833,77596,445,49182,388,28414,0,0,748,49750,85,13901,748,63651,California
Ventura,2021-02-01,3940,81536,2110,51292,1830,30244,0,0,3167,52148,770,14671,3168,66819,California
Ventura,2021-02-02,4405,85941,2374,53666,2031,32275,0,0,3381,54510,1020,15691,3382,70201,California
Ventura,2021-02-03,4452,90393,2089,55755,2363,34638,0,0,3441,56946,1006,16697,3442,73643,California
Ventura,2021-02-04,4774,95167,2288,58043,2486,37124,0,0,3519,59220,1247,17944,3521,77164,California
Ventura,2021-02-05,4833,100000,2313,60356,2520,39644,0,0,3341,61084,1479,19423,3343,80507,California
Ventura,2021-02-06,2835,102835,1514,61870,1321,40965,0,0,2433,63116,401,19824,2433,82940,California
Ventura,2021-02-07,710,103545,241,62111,469,41434,0,0,584,63575,126,19950,585,83525,California
Ventura,2021-02-08,3499,107044,1624,63735,1875,43309,0,0,2428,64937,1066,21016,2428,85953,California
Ventura,2021-02-09,4714,111758,1971,65706,2743,46052,0,0,2466,65159,2247,23263,2469,88422,California
Ventura,2021-02-10,4712,116470,2236,67942,2476,48528,0,0,2398,65255,2303,25566,2399,90821,California
Ventura,2021-02-11,4658,121128,1862,69804,2796,51324,0,0,2446,65499,2205,27771,2449,93270,California
Ventura,2021-02-12,6301,127429,2659,72463,3642,54966,0,0,3221,65644,3076,30847,3221,96491,California
Ventura,2021-02-13,3295,130724,1826,74289,1469,56435,0,0,1844,66043,1447,32294,1846,98337,California
Ventura,2021-02-14,1226,131950,124,74413,1102,57537,0,0,1010,66838,216,32510,1011,99348,California
Ventura,2021-02-15,3987,135937,1798,76211,2189,59726,0,0,2118,67090,1866,34376,2118,101466,California
Ventura,2021-02-16,5538,141475,2704,78915,2834,62560,0,0,3009,67578,2521,36897,3009,104475,California
Ventura,2021-02-17,5232,146707,1920,80835,3312,65872,0,0,3265,68885,1958,38855,3265,107740,California
Ventura,2021-02-18,5775,152482,1828,82663,3947,69819,0,0,3634,70389,2130,40985,3634,111374,California
Ventura,2021-02-19,6454,158936,3769,86432,2685,72504,0,0,3010,69964,3437,44422,3012,114386,California
Ventura,2021-02-20,4932,163868,3164,89596,1768,74272,0,0,2771,70581,2157,46579,2774,117160,California
Ventura,2021-02-21,1044,164912,756,90352,288,74560,0,0,428,70399,610,47189,428,117588,California
Ventura,2021-02-22,5365,170277,2407,92759,2958,77518,0,0,3451,71945,1905,49094,3451,121039,California
Ventura,2021-02-23,5926,176203,2965,95724,2961,80479,0,0,3414,72865,2496,51590,3416,124455,California
Ventura,2021-02-24,6995,183198,2609,98333,4386,84865,0,0,4248,74382,2733,54323,4250,128705,California
Ventura,2021-02-25,7490,190688,2571,100904,4919,89784,0,0,4575,76059,2900,57223,4577,133282,California
Ventura,2021-02-26,9336,200024,2761,103665,6575,96359,0,0,6158,79067,3152,60375,6160,139442,California
Ventura,2021-02-27,9985,210009,5267,108932,4718,101077,0,0,7367,83839,2603,62978,7375,146817,California
Ventura,2021-02-28,2568,212577,1634,110566,933,102010,1,1,2098,85473,464,63442,2098,148915,California
Ventura,2021-03-01,6936,219513,2810,113376,4126,106136,0,1,4622,87803,2305,65747,4635,153550,California
Ventura,2021-03-02,7481,226994,3935,117311,3544,109680,2,3,5254,90839,2218,67965,5254,158804,California
Ventura,2021-03-03,8513,235507,3897,121208,4616,114296,0,3,6071,94485,2429,70394,6075,164879,California
Ventura,2021-03-04,8094,243601,3868,125076,4226,118522,0,3,5468,97343,2612,73006,5470,170349,California
Ventura,2021-03-05,9964,253565,4796,129872,5158,123680,10,13,7078,101566,2873,75879,7096,177445,California
Ventura,2021-03-06,7238,260803,4398,134270,2687,126367,153,166,5325,105139,1907,77786,5480,182925,California
Ventura,2021-03-07,1649,262452,602,134872,946,127313,101,267,1233,106057,416,78202,1334,184259,California
Ventura,2021-03-08,6736,269188,3413,138285,3169,130482,154,421,4631,108746,2099,80301,4788,189047,California
Ventura,2021-03-09,6527,275715,2811,141096,3519,134001,197,618,3661,109753,2853,83154,3860,192907,California
Ventura,2021-03-10,6796,282511,2965,144061,3594,137595,237,855,4481,112165,2306,85460,4718,197625,California
Ventura,2021-03-11,6270,288781,2884,146945,3168,140763,218,1073,3416,112956,2842,88302,3633,201258,California
Ventura,2021-03-12,8495,297276,3033,149978,4618,145381,844,1917,4089,113500,4389,92691,4933,206191,California
Ventura,2021-03-13,6679,303955,2497,152475,3342,148723,840,2757,3754,115176,2917,95608,4593,210784,California
Ventura,2021-03-14,2129,306084,477,152952,1157,149880,495,3252,730,115003,1398,97006,1225,212009,California
Ventura,2021-03-15,6913,312997,2049,155001,3516,153396,1348,4600,2971,115404,3917,100923,4318,216327,California
Ventura,2021-03-16,7908,320905,2459,157460,4335,157731,1114,5714,3984,116591,3910,104833,5097,221424,California
Ventura,2021-03-17,7456,328361,2761,160221,4348,162079,347,6061,4460,118425,2975,107808,4809,226233,California
Ventura,2021-03-18,7220,335581,3267,163488,3800,165879,153,6214,4702,120773,2505,110313,4853,231086,California
Ventura,2021-03-19,8390,343971,3768,167256,4512,170391,110,6324,5017,122543,3355,113668,5125,236211,California
Ventura,2021-03-20,8140,352111,5244,172500,2876,173267,20,6344,3893,122230,4227,117895,3914,240125,California
Ventura,2021-03-21,2779,354890,1509,174009,899,174166,371,6715,1316,122464,1452,119347,1686,241811,California
Ventura,2021-03-22,7334,362224,3685,177694,3547,177713,102,6817,4843,124934,2477,121824,4947,246758,California
Ventura,2021-03-23,8176,370400,3876,181570,4228,181941,72,6889,4665,126184,3486,125310,4736,251494,California
Ventura,2021-03-24,8863,379263,3407,184977,5382,187323,74,6963,4424,126272,4410,129720,4498,255992,California
Ventura,2021-03-25,8792,388055,3901,188878,4791,192114,100,7063,4451,126499,4324,134044,4551,260543,California
Ventura,2021-03-26,9812,397867,3343,192221,5816,197930,653,7716,3897,125161,5887,139931,4549,265092,California
Ventura,2021-03-27,8111,405978,3903,196124,4168,202098,40,7756,2402,121913,5691,145622,2443,267535,California
Ventura,2021-03-28,2519,408497,1402,197526,1108,203206,9,7765,1380,122168,1134,146756,1389,268924,California
Ventura,2021-03-29,8451,416948,4260,201786,4147,207353,44,7809,4222,122233,4201,150957,4266,273190,California
Ventura,2021-03-30,8927,425875,4402,206188,4398,211751,127,7936,4538,122520,4376,155333,4663,277853,California
Ventura,2021-03-31,10674,436549,4811,210999,5237,216988,626,8562,4639,121769,6015,161348,5264,283117,California
Ventura,2021-04-01,10628,447177,5182,216181,4574,221562,872,9434,5356,122739,5254,166602,6224,289341,California
Ventura,2021-04-02,11549,458726,4583,220764,5709,227271,1257,10691,5528,123530,5997,172599,6788,296129,California
Ventura,2021-04-03,8011,466737,3954,224718,2926,230197,1131,11822,3369,123397,4631,177230,4498,300627,California
Ventura,2021-04-04,1704,468441,957,225675,619,230816,128,11950,1153,124131,547,177777,1281,301908,California
Ventura,2021-04-05,9247,477688,4871,230546,3320,234136,1056,13006,4718,125384,4520,182297,5773,307681,California
Ventura,2021-04-06,10791,488479,5536,236082,3793,237929,1462,14468,5540,127155,5228,187525,6999,314680,California
Ventura,2021-04-07,11266,499745,5420,241502,4376,242305,1470,15938,5151,127673,6099,193624,6617,321297,California
Ventura,2021-04-08,10200,509945,5290,246792,3982,246287,928,16866,5096,128602,5087,198711,6016,327313,California
Ventura,2021-04-09,11049,520994,4333,251125,5024,251311,1692,18558,4853,128966,6176,204887,6540,333853,California
Ventura,2021-04-10,9114,530108,3490,254615,3477,254788,2147,20705,2992,127995,6106,210993,5135,338988,California
Ventura,2021-04-11,2421,532529,864,255479,993,255781,564,21269,688,127519,1726,212719,1250,340238,California
Ventura,2021-04-12,8866,541395,4461,259940,3609,259390,796,22065,3734,126930,5114,217833,4525,344763,California
Ventura,2021-04-13,8755,550150,4433,264373,4316,263706,6,22071,3743,125701,4978,222811,3749,348512,California
Ventura,2021-04-14,8647,558797,4056,268429,4576,268282,15,22086,3363,123834,5247,228058,3380,351892,California
Ventura,2021-04-15,9230,568027,4474,272903,4749,273031,7,22093,4054,122738,5157,233215,4061,355953,California
Ventura,2021-04-16,10075,578102,4465,277368,5610,278641,0,22093,4830,122337,5232,238447,4831,360784,California
Ventura,2021-04-17,8518,586620,5295,282663,3222,281863,1,22094,4986,123803,3522,241969,4988,365772,California
Ventura,2021-04-18,2126,588746,1013,283676,1113,282976,0,22094,906,123494,1215,243184,906,366678,California
Ventura,2021-04-19,8003,596749,4840,288516,3162,286138,1,22095,4627,124764,3359,246543,4629,371307,California
Ventura,2021-04-20,9205,605954,4898,293414,4307,290445,0,22095,4349,124272,4842,251385,4350,375657,California
Ventura,2021-04-21,8815,614769,4529,297943,4283,294728,3,22098,4188,123849,4616,256001,4193,379850,California
Ventura,2021-04-22,9979,624748,5473,303416,4506,299234,0,22098,4474,122835,5488,261489,4474,384324,California
Ventura,2021-04-23,10722,635470,5355,308771,5367,304601,0,22098,5344,122825,5354,266843,5344,389668,California
Ventura,2021-04-24,10280,645750,5897,314668,4383,308984,0,22098,6079,124713,4192,271035,6080,395748,California
Ventura,2021-04-25,2463,648213,1694,316362,769,309753,0,22098,1136,124525,1324,272359,1136,396884,California
Ventura,2021-04-26,6770,654983,3936,320298,2796,312549,38,22136,2780,123367,3976,276335,2818,399702,California
Ventura,2021-04-27,7964,662947,4441,324739,3373,315922,150,22286,2974,121513,4977,281312,3123,402825,California
Ventura,2021-04-28,7567,670514,4353,329092,2937,318859,277,22563,3030,120297,4523,285835,3307,406132,California
Ventura,2021-04-29,6180,676694,3423,332515,2542,321401,215,22778,2172,118693,3992,289827,2388,408520,California
Ventura,2021-04-30,5268,681962,3027,335542,2130,323531,111,22889,2125,117795,3127,292954,2229,410749,California
Yolo,2020-12-15,39,39,39,39,0,0,0,0,39,39,0,0,39,39,California
Yolo,2020-12-16,78,117,78,117,0,0,0,0,78,117,0,0,78,117,California
Yolo,2020-12-17,101,218,101,218,0,0,0,0,101,218,0,0,101,218,California
Yolo,2020-12-18,210,428,210,428,0,0,0,0,210,428,0,0,210,428,California
Yolo,2020-12-19,87,515,87,515,0,0,0,0,87,515,0,0,87,515,California
Yolo,2020-12-20,101,616,101,616,0,0,0,0,101,616,0,0,101,616,California
Yolo,2020-12-21,253,869,253,869,0,0,0,0,253,869,0,0,253,869,California
Yolo,2020-12-22,382,1251,381,1250,1,1,0,0,382,1251,0,0,382,1251,California
Yolo,2020-12-23,431,1682,412,1662,19,20,0,0,431,1682,0,0,431,1682,California
Yolo,2020-12-24,150,1832,94,1756,56,76,0,0,150,1832,0,0,150,1832,California
Yolo,2020-12-25,1,1833,1,1757,0,76,0,0,1,1833,0,0,1,1833,California
Yolo,2020-12-26,75,1908,25,1782,50,126,0,0,75,1908,0,0,75,1908,California
Yolo,2020-12-27,46,1954,19,1801,27,153,0,0,46,1954,0,0,46,1954,California
Yolo,2020-12-28,346,2300,179,1980,167,320,0,0,346,2300,0,0,346,2300,California
Yolo,2020-12-29,487,2787,268,2248,219,539,0,0,487,2787,0,0,487,2787,California
Yolo,2020-12-30,621,3408,254,2502,367,906,0,0,621,3408,0,0,621,3408,California
Yolo,2020-12-31,185,3593,95,2597,90,996,0,0,185,3593,0,0,185,3593,California
Yolo,2021-01-01,57,3650,56,2653,1,997,0,0,57,3650,0,0,57,3650,California
Yolo,2021-01-02,68,3718,25,2678,43,1040,0,0,68,3718,0,0,68,3718,California
Yolo,2021-01-03,44,3762,19,2697,25,1065,0,0,44,3762,0,0,44,3762,California
Yolo,2021-01-04,193,3955,43,2740,150,1215,0,0,193,3955,0,0,193,3955,California
Yolo,2021-01-05,611,4566,236,2976,375,1590,0,0,550,4444,61,61,550,4505,California
Yolo,2021-01-06,480,5046,183,3159,297,1887,0,0,349,4662,131,192,349,4854,California
Yolo,2021-01-07,709,5755,233,3392,476,2363,0,0,520,4994,188,380,520,5374,California
Yolo,2021-01-08,631,6386,311,3703,320,2683,0,0,414,5192,216,596,414,5788,California
Yolo,2021-01-09,409,6795,68,3771,341,3024,0,0,363,5509,46,642,363,6151,California
Yolo,2021-01-10,393,7188,80,3851,313,3337,0,0,323,5762,70,712,323,6474,California
Yolo,2021-01-11,562,7750,325,4176,237,3574,0,0,293,5788,269,981,295,6769,California
Yolo,2021-01-12,481,8231,364,4540,117,3691,0,0,173,5654,308,1289,174,6943,California
Yolo,2021-01-13,769,9000,311,4851,458,4149,0,0,520,5925,249,1538,520,7463,California
Yolo,2021-01-14,374,9374,181,5032,193,4342,0,0,270,6091,104,1642,270,7733,California
Yolo,2021-01-15,624,9998,319,5351,305,4647,0,0,545,6558,79,1721,546,8279,California
Yolo,2021-01-16,740,10738,95,5446,645,5292,0,0,709,7236,31,1752,709,8988,California
Yolo,2021-01-17,186,10924,117,5563,69,5361,0,0,179,7408,7,1759,179,9167,California
Yolo,2021-01-18,478,11402,303,5866,175,5536,0,0,379,7688,99,1858,379,9546,California
Yolo,2021-01-19,554,11956,372,6238,182,5718,0,0,379,7892,175,2033,379,9925,California
Yolo,2021-01-20,659,12615,380,6618,279,5997,0,0,474,8182,184,2217,474,10399,California
Yolo,2021-01-21,647,13262,382,7000,265,6262,0,0,459,8453,188,2405,459,10858,California
Yolo,2021-01-22,745,14007,250,7250,495,6757,0,0,628,8966,115,2520,628,11486,California
Yolo,2021-01-23,613,14620,123,7373,490,7247,0,0,566,9485,47,2567,566,12052,California
Yolo,2021-01-24,207,14827,124,7497,83,7330,0,0,166,9610,41,2608,166,12218,California
Yolo,2021-01-25,728,15555,153,7650,575,7905,0,0,514,9910,214,2822,514,12732,California
Yolo,2021-01-26,817,16372,327,7977,490,8395,0,0,428,9949,389,3211,428,13160,California
Yolo,2021-01-27,554,16926,222,8199,332,8727,0,0,381,10157,173,3384,381,13541,California
Yolo,2021-01-28,1048,17974,565,8764,483,9210,0,0,924,10958,123,3507,924,14465,California
Yolo,2021-01-29,867,18841,263,9027,604,9814,0,0,785,11662,81,3588,785,15250,California
Yolo,2021-01-30,1516,20357,916,9943,600,10414,0,0,1408,12968,102,3690,1408,16658,California
Yolo,2021-01-31,249,20606,211,10154,38,10452,0,0,214,13148,34,3724,214,16872,California
Yolo,2021-02-01,845,21451,361,10515,484,10936,0,0,614,13534,228,3952,614,17486,California
Yolo,2021-02-02,1323,22774,747,11262,576,11512,0,0,932,14076,391,4343,933,18419,California
Yolo,2021-02-03,1513,24287,397,11659,1116,12628,0,0,1183,14932,327,4670,1183,19602,California
Yolo,2021-02-04,1787,26074,281,11940,1506,14134,0,0,1238,15633,538,5208,1239,20841,California
Yolo,2021-02-05,1594,27668,901,12841,693,14827,0,0,1197,16434,397,5605,1198,22039,California
Yolo,2021-02-06,1918,29586,1247,14088,671,15498,0,0,1558,17633,360,5965,1559,23598,California
Yolo,2021-02-07,518,30104,249,14337,269,15767,0,0,171,17458,346,6311,171,23769,California
Yolo,2021-02-08,947,31051,332,14669,615,16382,0,0,605,17724,339,6650,605,24374,California
Yolo,2021-02-09,860,31911,388,15057,472,16854,0,0,578,18020,282,6932,578,24952,California
Yolo,2021-02-10,1454,33365,475,15532,979,17833,0,0,817,18202,637,7569,819,25771,California
Yolo,2021-02-11,1564,34929,797,16329,767,18600,0,0,1185,19008,379,7948,1185,26956,California
Yolo,2021-02-12,1907,36836,748,17077,1159,19759,0,0,1439,19983,464,8412,1439,28395,California
Yolo,2021-02-13,2052,38888,710,17787,1342,21101,0,0,1387,20705,665,9077,1387,29782,California
Yolo,2021-02-14,568,39456,153,17940,415,21516,0,0,443,21024,124,9201,443,30225,California
Yolo,2021-02-15,531,39987,189,18129,342,21858,0,0,266,21026,265,9466,267,30492,California
Yolo,2021-02-16,1122,41109,425,18554,697,22555,0,0,808,21520,314,9780,808,31300,California
Yolo,2021-02-17,1383,42492,700,19254,683,23238,0,0,991,22119,392,10172,991,32291,California
Yolo,2021-02-18,2495,44987,814,20068,1681,24919,0,0,1726,23076,769,10941,1726,34017,California
Yolo,2021-02-19,1737,46724,742,20810,995,25914,0,0,1117,23575,618,11559,1117,35134,California
Yolo,2021-02-20,2433,49157,942,21752,1491,27405,0,0,1361,23870,1067,12626,1362,36496,California
Yolo,2021-02-21,282,49439,225,21977,57,27462,0,0,73,23735,208,12834,73,36569,California
Yolo,2021-02-22,1361,50800,601,22578,760,28222,0,0,692,23759,668,13502,692,37261,California
Yolo,2021-02-23,1121,51921,841,23419,280,28502,0,0,438,23516,681,14183,438,37699,California
Yolo,2021-02-24,2089,54010,589,24008,1500,30002,0,0,1380,24189,707,14890,1380,39079,California
Yolo,2021-02-25,1338,55348,444,24452,894,30896,0,0,874,24600,463,15353,874,39953,California
Yolo,2021-02-26,2583,57931,996,25448,1587,32483,0,0,1381,24782,1199,16552,1381,41334,California
Yolo,2021-02-27,1653,59584,766,26214,887,33370,0,0,1203,25535,450,17002,1203,42537,California
Yolo,2021-02-28,1775,61359,1492,27706,283,33653,0,0,681,25124,1092,18094,681,43218,California
Yolo,2021-03-01,1098,62457,363,28069,735,34388,0,0,667,25362,429,18523,667,43885,California
Yolo,2021-03-02,1460,63917,681,28750,779,35167,0,0,930,25762,530,19053,930,44815,California
Yolo,2021-03-03,1836,65753,628,29378,1208,36375,0,0,830,25588,1004,20057,830,45645,California
Yolo,2021-03-04,2895,68648,1448,30826,1447,37822,0,0,1564,25823,1329,21386,1564,47209,California
Yolo,2021-03-05,2346,70994,1395,32221,940,38762,11,11,1471,26431,874,22260,1482,48691,California
Yolo,2021-03-06,1469,72463,1120,33341,320,39082,29,40,838,26670,628,22888,867,49558,California
Yolo,2021-03-07,906,73369,671,34012,221,39303,14,54,772,27322,134,23022,786,50344,California
Yolo,2021-03-08,1086,74455,486,34498,557,39860,43,97,758,27797,327,23349,802,51146,California
Yolo,2021-03-09,1243,75698,670,35168,513,40373,60,157,755,28126,486,23835,815,51961,California
Yolo,2021-03-10,1790,77488,1045,36213,456,40829,289,446,749,28121,1038,24873,1033,52994,California
Yolo,2021-03-11,2280,79768,1537,37750,677,41506,66,512,1569,29047,710,25583,1636,54630,California
Yolo,2021-03-12,2885,82653,1341,39091,1465,42971,79,591,1368,28984,1509,27092,1446,56076,California
Yolo,2021-03-13,1843,84496,730,39821,936,43907,177,768,1008,29337,832,27924,1185,57261,California
Yolo,2021-03-14,1006,85502,212,40033,644,44551,150,918,525,29528,480,28404,671,57932,California
Yolo,2021-03-15,1322,86824,773,40806,373,44924,176,1094,706,29794,614,29018,880,58812,California
Yolo,2021-03-16,1868,88692,717,41523,1079,46003,72,1166,1105,30208,763,29781,1177,59989,California
Yolo,2021-03-17,2486,91178,968,42491,1446,47449,72,1238,1705,31238,778,30559,1808,61797,California
Yolo,2021-03-18,2885,94063,896,43387,1765,49214,224,1462,1175,30929,1708,32267,1399,63196,California
Yolo,2021-03-19,2063,96126,840,44227,1155,50369,68,1530,1087,31114,970,33237,1155,64351,California
Yolo,2021-03-20,2746,98872,815,45042,1890,52259,41,1571,1114,30645,1626,34863,1157,65508,California
Yolo,2021-03-21,316,99188,215,45257,93,52352,8,1579,229,30796,86,34949,237,65745,California
Yolo,2021-03-22,1392,100580,487,45744,853,53205,52,1631,919,31296,470,35419,970,66715,California
Yolo,2021-03-23,1730,102310,931,46675,743,53948,56,1687,1071,31765,658,36077,1127,67842,California
Yolo,2021-03-24,2848,105158,1392,48067,1407,55355,49,1736,1423,31825,1413,37490,1473,69315,California
Yolo,2021-03-25,2432,107590,1301,49368,1104,56459,27,1763,1167,31764,1255,38745,1194,70509,California
Yolo,2021-03-26,2383,109973,1241,50609,1123,57582,19,1782,1023,31452,1353,40098,1041,71550,California
Yolo,2021-03-27,1646,111619,454,51063,1176,58758,16,1798,763,31349,882,40980,779,72329,California
Yolo,2021-03-28,1107,112726,861,51924,228,58986,18,1816,276,30816,827,41807,294,72623,California
Yolo,2021-03-29,2010,114736,820,52744,1160,60146,30,1846,982,30804,1024,42831,1012,73635,California
Yolo,2021-03-30,2271,117007,1068,53812,1180,61326,23,1869,1184,30929,1082,43913,1207,74842,California
Yolo,2021-03-31,2335,119342,1210,55022,1089,62415,36,1905,1194,31019,1140,45053,1230,76072,California
Yolo,2021-04-01,3748,123090,1767,56789,1507,63922,474,2379,1564,30875,2181,47234,2037,78109,California
Yolo,2021-04-02,3371,126461,1502,58291,1725,65647,144,2523,2086,31826,1279,48513,2230,80339,California
Yolo,2021-04-03,1785,128246,1077,59368,493,66140,215,2738,796,31849,988,49501,1011,81350,California
Yolo,2021-04-04,386,128632,151,59519,173,66313,62,2800,144,31813,242,49743,206,81556,California
Yolo,2021-04-05,1897,130529,724,60243,1075,67388,98,2898,1010,32039,882,50625,1108,82664,California
Yolo,2021-04-06,2557,133086,1296,61539,1091,68479,170,3068,1307,32276,1241,51866,1478,84142,California
Yolo,2021-04-07,2966,136052,1512,63051,1103,69582,351,3419,1919,33505,1040,52906,2269,86411,California
Yolo,2021-04-08,2409,138461,996,64047,944,70526,469,3888,1022,33610,1384,54290,1489,87900,California
Yolo,2021-04-09,2427,140888,880,64927,1052,71578,495,4383,806,33291,1618,55908,1299,89199,California
Yolo,2021-04-10,1687,142575,792,65719,723,72301,172,4555,1001,33781,682,56590,1172,90371,California
Yolo,2021-04-11,864,143439,259,65978,560,72861,45,4600,342,33648,519,57109,386,90757,California
Yolo,2021-04-12,1753,145192,515,66493,1095,73956,143,4743,1085,34211,665,57774,1228,91985,California
Yolo,2021-04-13,1927,147119,872,67365,1055,75011,0,4743,998,34282,927,58701,998,92983,California
Yolo,2021-04-14,2736,149855,736,68101,2000,77011,0,4743,1352,34255,1379,60080,1352,94335,California
Yolo,2021-04-15,3204,153059,1044,69145,2160,79171,0,4743,2249,35553,951,61031,2249,96584,California
Yolo,2021-04-16,2902,155961,1844,70989,1058,80229,0,4743,1832,36320,1065,62096,1832,98416,California
Yolo,2021-04-17,1514,157475,420,71409,1094,81323,0,4743,746,36302,764,62860,746,99162,California
Yolo,2021-04-18,591,158066,263,71672,328,81651,0,4743,348,36410,240,63100,348,99510,California
Yolo,2021-04-19,1667,159733,719,72391,947,82598,1,4744,770,36289,892,63992,771,100281,California
Yolo,2021-04-20,1998,161731,1011,73402,987,83585,0,4744,1074,36441,922,64914,1074,101355,California
Yolo,2021-04-21,1991,163722,991,74393,1000,84585,0,4744,1092,36637,896,65810,1092,102447,California
Yolo,2021-04-22,1794,165516,737,75130,1057,85642,0,4744,948,36745,841,66651,949,103396,California
Yolo,2021-04-23,2571,168087,1486,76616,1085,86727,0,4744,1154,36492,1407,68058,1154,104550,California
Yolo,2021-04-24,1152,169239,630,77246,520,87247,2,4746,455,36259,690,68748,457,105007,California
Yolo,2021-04-25,942,170181,401,77647,541,87788,0,4746,721,36760,220,68968,721,105728,California
Yolo,2021-04-26,1159,171340,434,78081,722,88510,3,4749,473,36553,684,69652,477,106205,California
Yolo,2021-04-27,1452,172792,665,78746,778,89288,9,4758,557,36226,895,70547,568,106773,California
Yolo,2021-04-28,1921,174713,974,79720,922,90210,25,4783,650,35633,1268,71815,675,107448,California
Yolo,2021-04-29,1179,175892,548,80268,569,90779,62,4845,452,35424,724,72539,515,107963,California
Yolo,2021-04-30,1548,177440,791,81059,715,91494,42,4887,775,35472,769,73308,817,108780,California
Yuba,2020-12-16,4,4,4,4,0,0,0,0,4,4,0,0,4,4,California
Yuba,2020-12-17,4,8,4,8,0,0,0,0,4,8,0,0,4,8,California
Yuba,2020-12-18,8,16,8,16,0,0,0,0,8,16,0,0,8,16,California
Yuba,2020-12-19,12,28,12,28,0,0,0,0,12,28,0,0,12,28,California
Yuba,2020-12-20,20,48,20,48,0,0,0,0,20,48,0,0,20,48,California
Yuba,2020-12-21,40,88,40,88,0,0,0,0,40,88,0,0,40,88,California
Yuba,2020-12-22,86,174,86,174,0,0,0,0,86,174,0,0,86,174,California
Yuba,2020-12-23,64,238,62,236,2,2,0,0,64,238,0,0,64,238,California
Yuba,2020-12-24,20,258,10,246,10,12,0,0,20,258,0,0,20,258,California
Yuba,2020-12-26,15,273,13,259,2,14,0,0,15,273,0,0,15,273,California
Yuba,2020-12-27,15,288,15,274,0,14,0,0,15,288,0,0,15,288,California
Yuba,2020-12-28,51,339,35,309,16,30,0,0,51,339,0,0,51,339,California
Yuba,2020-12-29,75,414,10,319,65,95,0,0,75,414,0,0,75,414,California
Yuba,2020-12-30,63,477,20,339,43,138,0,0,63,477,0,0,63,477,California
Yuba,2020-12-31,37,514,7,346,30,168,0,0,37,514,0,0,37,514,California
Yuba,2021-01-02,23,537,22,368,1,169,0,0,23,537,0,0,23,537,California
Yuba,2021-01-03,10,547,6,374,4,173,0,0,10,547,0,0,10,547,California
Yuba,2021-01-04,90,637,21,395,69,242,0,0,90,637,0,0,90,637,California
Yuba,2021-01-05,68,705,36,431,32,274,0,0,67,703,1,1,67,704,California
Yuba,2021-01-06,154,859,76,507,78,352,0,0,148,845,6,7,148,852,California
Yuba,2021-01-07,75,934,19,526,56,408,0,0,72,913,4,11,72,924,California
Yuba,2021-01-08,73,1007,25,551,48,456,0,0,66,972,7,18,66,990,California
Yuba,2021-01-09,19,1026,16,567,3,459,0,0,11,975,8,26,11,1001,California
Yuba,2021-01-10,117,1143,22,589,95,554,0,0,95,1048,22,48,95,1096,California
Yuba,2021-01-11,72,1215,50,639,22,576,0,0,32,1040,40,88,32,1128,California
Yuba,2021-01-12,107,1322,77,716,30,606,0,0,42,1017,65,153,42,1170,California
Yuba,2021-01-13,119,1441,72,788,47,653,0,0,54,1007,64,217,54,1224,California
Yuba,2021-01-14,109,1550,43,831,66,719,0,0,97,1092,12,229,97,1321,California
Yuba,2021-01-15,206,1756,88,919,118,837,0,0,195,1276,11,240,195,1516,California
Yuba,2021-01-16,184,1940,21,940,163,1000,0,0,172,1435,13,253,172,1688,California
Yuba,2021-01-17,13,1953,9,949,4,1004,0,0,7,1436,6,259,7,1695,California
Yuba,2021-01-18,60,2013,32,981,28,1032,0,0,35,1446,25,284,35,1730,California
Yuba,2021-01-19,80,2093,29,1010,51,1083,0,0,65,1496,15,299,65,1795,California
Yuba,2021-01-20,133,2226,87,1097,46,1129,0,0,110,1583,23,322,110,1905,California
Yuba,2021-01-21,211,2437,95,1192,116,1245,0,0,203,1778,8,330,203,2108,California
Yuba,2021-01-22,103,2540,6,1198,97,1342,0,0,94,1863,9,339,94,2202,California
Yuba,2021-01-23,200,2740,7,1205,193,1535,0,0,197,2057,3,342,197,2399,California
Yuba,2021-01-24,10,2750,7,1212,3,1538,0,0,8,2063,2,344,8,2407,California
Yuba,2021-01-25,84,2834,28,1240,56,1594,0,0,53,2086,30,374,53,2460,California
Yuba,2021-01-26,148,2982,39,1279,109,1703,0,0,92,2122,56,430,92,2552,California
Yuba,2021-01-27,182,3164,128,1407,54,1757,0,0,115,2170,67,497,115,2667,California
Yuba,2021-01-28,215,3379,79,1486,136,1893,0,0,174,2303,41,538,174,2841,California
Yuba,2021-01-29,159,3538,56,1542,103,1996,0,0,112,2368,47,585,112,2953,California
Yuba,2021-01-30,410,3948,23,1565,387,2383,0,0,399,2756,11,596,399,3352,California
Yuba,2021-01-31,17,3965,12,1577,5,2388,0,0,15,2769,2,598,15,3367,California
Yuba,2021-02-01,155,4120,75,1652,80,2468,0,0,131,2878,23,621,132,3499,California
Yuba,2021-02-02,123,4243,23,1675,100,2568,0,0,101,2957,22,643,101,3600,California
Yuba,2021-02-03,226,4469,29,1704,197,2765,0,0,114,2960,111,754,114,3714,California
Yuba,2021-02-04,295,4764,120,1824,175,2940,0,0,252,3169,43,797,252,3966,California
Yuba,2021-02-05,147,4911,32,1856,115,3055,0,0,71,3164,76,873,71,4037,California
Yuba,2021-02-06,449,5360,26,1882,423,3478,0,0,441,3597,8,881,441,4478,California
Yuba,2021-02-07,18,5378,11,1893,7,3485,0,0,15,3609,3,884,15,4493,California
Yuba,2021-02-08,96,5474,35,1928,61,3546,0,0,66,3645,30,914,66,4559,California
Yuba,2021-02-09,153,5627,55,1983,98,3644,0,0,84,3660,69,983,84,4643,California
Yuba,2021-02-10,352,5979,172,2155,180,3824,0,0,114,3537,237,1220,114,4757,California
Yuba,2021-02-11,397,6376,63,2218,334,4158,0,0,301,3744,94,1314,301,5058,California
Yuba,2021-02-12,265,6641,27,2245,238,4396,0,0,151,3781,114,1428,151,5209,California
Yuba,2021-02-13,435,7076,35,2280,400,4796,0,0,387,4120,48,1476,387,5596,California
Yuba,2021-02-14,54,7130,11,2291,43,4839,0,0,49,4164,5,1481,49,5645,California
Yuba,2021-02-15,87,7217,36,2327,51,4890,0,0,68,4213,19,1500,68,5713,California
Yuba,2021-02-16,199,7416,53,2380,146,5036,0,0,140,4295,58,1558,140,5853,California
Yuba,2021-02-17,372,7788,156,2536,216,5252,0,0,99,4122,272,1830,99,5952,California
Yuba,2021-02-18,317,8105,46,2582,271,5523,0,0,194,4193,123,1953,194,6146,California
Yuba,2021-02-19,226,8331,84,2666,142,5665,0,0,143,4253,83,2036,143,6289,California
Yuba,2021-02-20,389,8720,30,2696,359,6024,0,0,335,4534,54,2090,335,6624,California
Yuba,2021-02-21,16,8736,14,2710,2,6026,0,0,6,4530,10,2100,6,6630,California
Yuba,2021-02-22,128,8864,79,2789,49,6075,0,0,38,4479,89,2189,38,6668,California
Yuba,2021-02-23,113,8977,25,2814,88,6163,0,0,46,4459,66,2255,46,6714,California
Yuba,2021-02-24,480,9457,135,2949,345,6508,0,0,107,4193,373,2628,107,6821,California
Yuba,2021-02-25,334,9791,133,3082,201,6709,0,0,206,4271,128,2756,206,7027,California
Yuba,2021-02-26,256,10047,67,3149,189,6898,0,0,143,4303,111,2867,143,7170,California
Yuba,2021-02-27,471,10518,46,3195,425,7323,0,0,382,4598,87,2954,382,7552,California
Yuba,2021-02-28,66,10584,21,3216,45,7368,0,0,45,4622,21,2975,45,7597,California
Yuba,2021-03-01,154,10738,40,3256,114,7482,0,0,78,4625,75,3050,78,7675,California
Yuba,2021-03-02,158,10896,35,3291,123,7605,0,0,78,4623,80,3130,78,7753,California
Yuba,2021-03-03,622,11518,159,3450,463,8068,0,0,200,4402,421,3551,200,7953,California
Yuba,2021-03-04,467,11985,270,3720,197,8265,0,0,326,4588,140,3691,326,8279,California
Yuba,2021-03-05,316,12301,59,3779,256,8521,1,1,249,4771,67,3758,250,8529,California
Yuba,2021-03-06,475,12776,35,3814,436,8957,4,5,369,5038,106,3864,373,8902,California
Yuba,2021-03-07,49,12825,27,3841,21,8978,1,6,33,5056,16,3880,34,8936,California
Yuba,2021-03-08,159,12984,49,3890,94,9072,16,22,100,5113,59,3939,116,9052,California
Yuba,2021-03-09,175,13159,46,3936,110,9182,19,41,83,5123,92,4031,102,9154,California
Yuba,2021-03-10,736,13895,233,4169,473,9655,30,71,232,4882,503,4534,262,9416,California
Yuba,2021-03-11,427,14322,186,4355,229,9884,12,83,294,5055,133,4667,306,9722,California
Yuba,2021-03-12,463,14785,87,4442,322,10206,54,137,150,4946,313,4980,204,9926,California
Yuba,2021-03-13,454,15239,334,4776,105,10311,15,152,360,5228,93,5073,375,10301,California
Yuba,2021-03-14,107,15346,21,4797,76,10387,10,162,46,5224,60,5133,56,10357,California
Yuba,2021-03-15,190,15536,49,4846,124,10511,17,179,96,5243,94,5227,113,10470,California
Yuba,2021-03-16,290,15826,71,4917,194,10705,25,204,177,5333,112,5339,202,10672,California
Yuba,2021-03-17,738,16564,161,5078,548,11253,29,233,192,5010,544,5883,221,10893,California
Yuba,2021-03-18,570,17134,149,5227,308,11561,113,346,347,5246,223,6106,459,11352,California
Yuba,2021-03-19,325,17459,120,5347,156,11717,49,395,186,5343,138,6244,235,11587,California
Yuba,2021-03-20,554,18013,80,5427,456,12173,18,413,474,5756,79,6323,492,12079,California
Yuba,2021-03-21,60,18073,35,5462,25,12198,0,413,48,5792,12,6335,48,12127,California
Yuba,2021-03-22,190,18263,70,5532,113,12311,7,420,148,5905,42,6377,155,12282,California
Yuba,2021-03-23,263,18526,79,5611,157,12468,27,447,177,6025,84,6461,204,12486,California
Yuba,2021-03-24,766,19292,252,5863,433,12901,81,528,187,5715,577,7038,267,12753,California
Yuba,2021-03-25,494,19786,261,6124,211,13112,22,550,244,5731,250,7288,266,13019,California
Yuba,2021-03-26,389,20175,143,6267,219,13331,27,577,223,5816,165,7453,250,13269,California
Yuba,2021-03-27,458,20633,27,6294,428,13759,3,580,404,6169,53,7506,406,13675,California
Yuba,2021-03-28,99,20732,40,6334,55,13814,4,584,37,6148,62,7568,41,13716,California
Yuba,2021-03-29,290,21022,85,6419,174,13988,31,615,177,6243,113,7681,208,13924,California
Yuba,2021-03-30,273,21295,67,6486,198,14186,8,623,192,6362,81,7762,200,14124,California
Yuba,2021-03-31,670,21965,113,6599,545,14731,12,635,240,6185,429,8191,252,14376,California
Yuba,2021-04-01,611,22576,282,6881,300,15031,29,664,278,6159,333,8524,307,14683,California
Yuba,2021-04-02,491,23067,93,6974,315,15346,83,747,184,6119,306,8830,266,14949,California
Yuba,2021-04-03,652,23719,55,7029,115,15461,482,1229,86,6122,565,9395,568,15517,California
Yuba,2021-04-04,58,23777,11,7040,41,15502,6,1235,33,6136,25,9420,39,15556,California
Yuba,2021-04-05,245,24022,78,7118,147,15649,20,1255,123,6158,120,9540,142,15698,California
Yuba,2021-04-06,351,24373,114,7232,177,15826,60,1315,168,6204,182,9722,228,15926,California
Yuba,2021-04-07,770,25143,396,7628,321,16147,53,1368,347,6183,420,10142,399,16325,California
Yuba,2021-04-08,724,25867,291,7919,171,16318,262,1630,257,6236,466,10608,519,16844,California
Yuba,2021-04-09,391,26258,170,8089,157,16475,64,1694,159,6228,231,10839,223,17067,California
Yuba,2021-04-10,593,26851,72,8161,74,16549,447,2141,70,6224,521,11360,517,17584,California
Yuba,2021-04-11,98,26949,22,8183,64,16613,12,2153,39,6216,59,11419,51,17635,California
Yuba,2021-04-12,210,27159,46,8229,135,16748,29,2182,81,6198,128,11547,110,17745,California
Yuba,2021-04-13,394,27553,100,8329,294,17042,0,2182,202,6209,191,11738,202,17947,California
Yuba,2021-04-14,690,28243,107,8436,583,17625,0,2182,117,5754,572,12310,117,18064,California
Yuba,2021-04-15,295,28538,124,8560,171,17796,0,2182,125,5709,170,12480,125,18189,California
Yuba,2021-04-16,330,28868,101,8661,229,18025,0,2182,178,5735,152,12632,178,18367,California
Yuba,2021-04-17,392,29260,55,8716,337,18362,0,2182,321,5986,70,12702,321,18688,California
Yuba,2021-04-18,52,29312,9,8725,43,18405,0,2182,24,5982,28,12730,24,18712,California
Yuba,2021-04-19,245,29557,102,8827,143,18548,0,2182,104,5945,141,12871,104,18816,California
Yuba,2021-04-20,301,29858,78,8905,223,18771,0,2182,175,5996,125,12996,176,18992,California
Yuba,2021-04-21,705,30563,287,9192,418,19189,0,2182,304,5899,401,13397,304,19296,California
Yuba,2021-04-22,311,30874,117,9309,194,19383,0,2182,177,5942,134,13531,177,19473,California
Yuba,2021-04-23,334,31208,105,9414,229,19612,0,2182,162,5932,172,13703,162,19635,California
Yuba,2021-04-24,216,31424,68,9482,148,19760,0,2182,123,5962,93,13796,123,19758,California
Yuba,2021-04-25,74,31498,30,9512,44,19804,0,2182,37,5962,37,13833,37,19795,California
Yuba,2021-04-26,217,31715,47,9559,166,19970,4,2186,102,5953,115,13948,106,19901,California
Yuba,2021-04-27,434,32149,148,9707,276,20246,10,2196,213,5957,219,14167,223,20124,California
Yuba,2021-04-28,411,32560,168,9875,238,20484,5,2201,132,5821,273,14440,137,20261,California
Yuba,2021-04-29,335,32895,25,9900,308,20792,2,2203,99,5687,235,14675,101,20362,California
Yuba,2021-04-30,230,33125,44,9944,158,20950,28,2231,88,5663,139,14814,115,20477,California
